0 0.15700  3.22500
 1 0.15900  3.26500
 2 0.15400  3.36300
 3 0.15900  3.27500
 4 0.18000  3.46200
 5 0.16800  3.30800
 6 0.17500  3.28300
 7 0.17400  3.21700
 8 0.17700  3.35000
 9 0.19200  3.28200
 10 0.18000  3.26700
 11 0.18900  3.16400
 12 0.19100  3.15100
 13 0.19400  3.24600
 14 0.20200  3.26800
 15 0.20500  3.16800
 16 0.20100  3.27700
 17 0.20900  3.26600
 18 0.21000  3.28600
 19 0.21200  3.37100
 20 0.21500  3.21300
 21 0.21500  3.31400
 22 0.21500  3.36100
 23 0.22700  3.27100
 24 0.22900  3.36600
 25 0.23200  3.38500
 26 0.23300  3.21500
 27 0.23800  3.41600
 28 0.24500  3.24200
 29 0.24000  3.28100
 30 0.24100  3.24000
 31 0.24700  3.23300
 32 0.25500  3.33200
 33 0.25400  3.32800
 34 0.26200  3.30400
 35 0.26500  3.16800
 36 0.26700  3.33500
 37 0.27100  3.19200
 38 0.27600  3.36100
 39 0.28000  3.13900
 40 0.27900  3.30900
 41 0.28300  3.18600
 42 0.28800  3.28600
 43 0.28600  3.29800
 44 0.28500  3.23200
 45 0.29200  3.26700
 46 0.29500  3.23500
 47 0.31100  3.39600
 48 0.30200  3.14000
 49 0.30500  3.30500
 50 0.31400  3.23600
 51 0.31200  3.20400
 52 0.31600  3.26500
 53 0.32500  3.35800
 54 0.31700  3.34300
 55 0.32600  3.35500
 56 0.32500  3.26800
 57 0.33400  3.15700
 58 0.33800  3.20800
 59 0.33100  3.19600
 60 0.33900  3.18100
 61 0.35300  3.26000
 62 0.34000  3.18000
 63 0.34700  3.26900
 64 0.35100  3.17100
 65 0.35800  3.26900
 66 0.35600  3.26600
 67 0.36200  3.28200
 68 0.36600  3.19000
 69 0.36800  3.27100
 70 0.37100  3.21700
 71 0.38400  3.24900
 72 0.38300  3.21800
 73 0.38100  3.28700
 74 0.38500  3.22100
 75 0.38900  3.16700
 76 0.39200  3.23000
 77 0.40000  3.20100
 78 0.39500  3.27700
 79 0.40100  3.22100
 80 0.40000  3.13100
 81 0.40300  3.30100
 82 0.41200  3.25000
 83 0.40800  3.27400
 84 0.41800  3.24300
 85 0.41800  3.20400
 86 0.42600  3.19200
 87 0.42400  3.30900
 88 0.42700  3.25900
 89 0.43100  3.22500
 90 0.43800  3.37900
 91 0.43900  3.27300
 92 0.43700  3.35200
 93 0.44100  3.22100
 94 0.44400  3.22400
 95 0.45300  3.25000
 96 0.45300  3.13700
 97 0.45400  3.35600
 98 0.46000  3.21600
 99 0.46500  3.24000
 100 0.46700  3.27100
 101 0.46600  3.35400
 102 0.47300  3.35000
 103 0.47300  3.33000
 104 0.47900  3.26700
 105 0.47800  3.19300
 106 0.48300  3.33500
 107 0.48700  3.27200
 108 0.48700  3.26300
 109 0.49300  3.31700
 110 0.49300  3.25100
 111 0.49500  3.30100
 112 0.50400  3.21900
 113 0.49900  3.32300
 114 0.50900  3.30900
 115 0.50600  3.18900
 116 0.50300  3.23800
 117 0.52100  3.21900
 118 0.51900  3.23700
 119 0.51900  3.20100
 120 0.52600  3.22200
 121 0.52800  3.29200
 122 0.53500  3.35700
 123 0.52900  3.22800
 124 0.53800  3.34500
 125 0.53800  3.22700
 126 0.54300  3.24500
 127 0.53500  3.16700
 128 0.54600  3.22400
 129 0.55900  3.29300
 130 0.56000  3.26100
 131 0.55400  3.30500
 132 0.56200  3.24500
 133 0.56200  3.24800
 134 0.57000  3.23400
 135 0.56600  3.33700
 136 0.58500  3.27000
 137 0.57900  3.21100
 138 0.57700  3.22600
 139 0.58700  3.17900
 140 0.58500  3.26700
 141 0.58600  3.17700
 142 0.59000  3.28600
 143 0.60000  3.30500
 144 0.60800  3.20300
 145 0.60300  3.26200
 146 0.60900  3.26500
 147 0.61500  3.32000
 148 0.61100  3.22100
 149 0.60700  3.23500
 150 0.61600  3.26900
 151 0.62000  3.29700
 152 0.62000  3.22700
 153 0.62400  3.17500
 154 0.63200  3.26500
 155 0.63400  3.31500
 156 0.63800  3.17400
 157 0.63900  3.29000
 158 0.64500  3.30300
 159 0.64200  3.24200
 160 0.64600  3.32100
 161 0.65700  3.34900
 162 0.65100  3.28100
 163 0.66000  3.20200
 164 0.65500  3.32500
 165 0.66100  3.26400
 166 0.66400  3.33500
 167 0.66700  3.22200
 168 0.67300  3.16500
 169 0.67400  3.27700
 170 0.67800  3.21900
 171 0.67500  3.23300
 172 0.68100  3.31800
 173 0.68200  3.28800
 174 0.68600  3.26900
 175 0.69500  3.23100
 176 0.69400  3.28500
 177 0.69900  3.30900
 178 0.70300  3.26600
 179 0.70700  3.23700
 180 0.71000  3.30300
 181 0.71000  3.35800
 182 0.71000  3.26900
 183 0.71200  3.23300
 184 0.72500  3.31900
 185 0.72200  3.26800
 186 0.72700  3.32100
 187 0.72500  3.09900
 188 0.73200  3.31500
 189 0.73700  3.26800
 190 0.74000  3.34300
 191 0.74900  3.33300
 192 0.75000  3.24700
 193 0.75100  3.27800
 194 0.75500  3.25500
 195 0.75200  3.38000
 196 0.75800  3.21800
 197 0.76000  3.18600
 198 0.76500  3.24700
 199 0.77000  3.24100
 200 0.77100  3.28600
 201 0.77700  3.35000
 202 0.78300  3.19500
 203 0.78500  3.35200
 204 0.78700  3.28100
 205 0.80800  3.30600
 206 0.79300  3.35800
 207 0.78700  3.25400
 208 0.79600  3.29800
 209 0.79700  3.17900
 210 0.80000  3.28200
 211 0.80700  3.24200
 212 0.80400  3.27800
 213 0.81200  3.11600
 214 0.81500  3.19900
 215 0.82000  3.27900
 216 0.81400  3.15800
 217 0.82000  3.32100
 218 0.82800  3.31900
 219 0.83300  3.23200
 220 0.83100  3.23300
 221 0.82500  3.27600
 222 0.84800  3.27100
 223 0.82400  3.33700
 224 0.83800  3.34900
 225 1.00000  3.33400
 226 0.90100  3.24500
 227 0.85300  3.35600
 228 0.85800  3.24600
 229 0.85500  3.28000
 230 0.86200  3.33900
 231 0.86500  3.13300
 232 0.86800  3.25200
 233 0.87100  3.31000
 234 0.87500  3.20600
 235 0.87800  3.26700
 236 0.88300  3.19800
 237 0.88100  3.25900
 238 0.88700  3.21700
 239 0.88800  3.29400
 240 0.88700  3.18300
 241 0.90000  3.22300
 242 0.89800  3.18900
 243 0.90100  3.27400
 244 0.90200  3.28800
 245 0.90600  3.20500
 246 0.90800  3.33600
 247 0.91200  3.27000
 248 0.92000  3.28700
 249 0.92500  3.28500
 250 0.92300  3.29700
 251 0.92400  3.30900
 252 0.92500  3.25400
 253 0.93500  3.26300
 254 0.93500  3.19300
 255 0.92800  3.19700
 256 0.93900  3.27400
 257 0.94100  3.22400
 258 0.94500  3.23400
 259 0.95200  3.19800
 260 0.95100  3.33300
 261 0.95700  3.27000
 262 0.97100  3.34600
 263 0.95900  3.38500
 264 0.97300  3.29400
 265 0.97100  3.30800
 266 0.97200  3.25000
 267 0.98000  3.20500
 268 0.97700  3.36000
 269 0.98100  3.28000
 270 0.98900  3.21100
 271 0.98400  3.35600
 272 0.99300  3.19900
 273 0.99400  3.34500
 274 0.99200  3.23100
 275 1.00100  3.20500
 276 1.00200  3.39800
 277 1.00500  3.30200
 278 1.01200  3.30900
 279 1.01200  3.28400
 280 1.00900  3.17700
 281 1.01700  3.28500
 282 1.01700  3.21500
 283 1.02100  3.27300
 284 1.02100  3.25100
 285 1.02900  3.26900
 286 1.03300  3.30300
 287 1.03400  3.31200
 288 1.04600  3.23200
 289 1.04000  3.28500
 290 1.04400  3.24500
 291 1.05400  3.29300
 292 1.05600  3.06100
 293 1.05700  3.31800
 294 1.05100  3.29400
 295 1.05800  3.24100
 296 1.06000  3.21800
 297 1.06400  3.25700
 298 1.06400  3.25000
 299 1.06800  3.28000
 300 1.07300  3.22300
 301 1.08100  3.26400
 302 1.08000  3.35400
 303 1.08500  3.26100
 304 1.09200  3.28400
 305 1.08900  3.25900
 306 1.09400  3.28600
 307 1.08000  3.28600
 308 1.09300  3.20500
 309 1.10300  3.23700
 310 1.10600  3.12700
 311 1.10800  3.27100
 312 1.11600  3.18300
 313 1.11500  3.20100
 314 1.11900  3.18100
 315 1.12200  3.35500
 316 1.12200  3.24600
 317 1.13000  3.21700
 318 1.13300  3.31300
 319 1.13100  3.24500
 320 1.14100  3.15000
 321 1.14200  3.33900
 322 1.14400  3.17700
 323 1.14400  3.28600
 324 1.14400  3.25700
 325 1.15600  3.26600
 326 1.15200  3.30900
 327 1.15200  3.35800
 328 1.16200  3.21200
 329 1.16700  3.21000
 330 1.16600  3.36000
 331 1.17000  3.25500
 332 1.16800  3.29200
 333 1.17600  3.24100
 334 1.16600  3.28400
 335 1.18400  3.41000
 336 1.17900  3.19200
 337 1.19200  3.19100
 338 1.18900  3.23400
 339 1.19600  3.22100
 340 1.19700  3.27600
 341 1.20800  3.26600
 342 1.20700  3.29100
 343 1.20900  3.23200
 344 1.21300  3.27900
 345 1.21700  3.25300
 346 1.21900  3.25300
 347 1.21400  3.25600
 348 1.22300  3.29000
 349 1.22700  3.25900
 350 1.23100  3.24000
 351 1.23600  3.25900
 352 1.23400  3.23400
 353 1.24200  3.20700
 354 1.24000  3.33400
 355 1.24900  3.24100
 356 1.24400  3.32000
 357 1.25600  3.23500
 358 1.25400  3.23000
 359 1.25300  3.28600
 360 1.25900  3.26100
 361 1.26400  3.22100
 362 1.26000  3.30300
 363 1.27300  3.25300
 364 1.27200  3.26700
 365 1.27400  3.30000
 366 1.27600  3.13900
 367 1.27700  3.26900
 368 1.27900  3.26300
 369 1.29200  3.24700
 370 1.30300  3.30400
 371 1.29300  3.39600
 372 1.29300  3.15400
 373 1.30300  3.15400
 374 1.29800  3.24100
 375 1.30500  3.23800
 376 1.31500  3.34200
 377 1.31300  3.29200
 378 1.31800  3.26700
 379 1.32400  3.31900
 380 1.31500  3.20600
 381 1.32300  3.23200
 382 1.32400  3.27100
 383 1.32800  3.29300
 384 1.32900  3.27900
 385 1.33000  3.28500
 386 1.34100  3.25900
 387 1.35000  3.33200
 388 1.33900  3.21400
 389 1.37200  3.18600
 390 1.33500  3.16800
 391 1.35200  3.29000
 392 1.35500  3.22400
 393 1.35800  3.27100
 394 1.35900  3.17200
 395 1.36400  3.33200
 396 1.37200  3.23300
 397 1.36600  3.25400
 398 1.37800  3.11300
 399 1.37800  3.23000
 400 1.38400  3.27600
 401 1.38500  3.19800
 402 1.39100  3.26300
 403 1.39200  3.20500
 404 1.39600  3.23100
 405 1.39600  3.29800
 406 1.39700  3.16400
 407 1.41400  3.23300
 408 1.40300  3.27300
 409 1.41100  3.35100
 410 1.41800  3.21400
 411 1.41800  3.17900
 412 1.40900  3.24500
 413 1.42500  3.28700
 414 1.42500  3.31600
 415 1.42700  3.28500
 416 1.43600  3.31800
 417 1.43300  3.35200
 418 1.43300  3.29800
 419 1.44000  3.27500
 420 1.44300  3.29900
 421 1.44900  3.21800
 422 1.45900  3.30800
 423 1.45000  3.32600
 424 1.44900  3.23500
 425 1.46200  3.20100
 426 1.45500  3.31300
 427 1.46100  3.17700
 428 1.47100  3.24100
 429 1.46900  3.25800
 430 1.46100  3.26100
 431 1.47500  3.22500
 432 1.48000  3.27000
 433 1.48700  3.27000
 434 1.49000  3.13300
 435 1.49000  3.20500
 436 1.49300  3.22800
 437 1.49200  3.21400
 438 1.50100  3.26200
 439 1.49500  3.23600
 440 1.50600  3.27000
 441 1.50400  3.30400
 442 1.51100  3.35500
 443 1.51900  3.22800
 444 1.66600  3.31200
 445 1.52400  3.16800
 446 1.52800  3.20100
 447 1.52800  3.32200
 448 1.53200  3.35200
 449 1.53200  3.29300
 450 1.53000  3.21300
 451 1.53500  3.15200
 452 1.54300  3.18400
 453 1.54900  3.22500
 454 1.54700  3.28100
 455 1.54900  3.26600
 456 1.54900  3.27700
 457 1.55600  3.16000
 458 1.56000  3.26500
 459 1.56300  3.32300
 460 1.56300  3.31300
 461 1.56600  3.31700
 462 1.57700  3.25400
 463 1.57800  3.29400
 464 1.57300  3.25000
 465 1.57900  3.30700
 466 1.57600  3.35000
 467 1.58500  3.22900
 468 1.59000  3.22400
 469 1.59700  3.26500
 470 1.59500  3.28600
 471 1.60100  3.20900
 472 1.60600  3.37300
 473 1.63200  3.25900
 474 1.63200  3.29100
 475 1.61100  3.27100
 476 1.61200  3.26300
 477 1.61600  3.29000
 478 1.61800  3.30200
 479 1.61600  3.15900
 480 1.62700  3.22900
 481 1.63200  3.26000
 482 1.63100  3.22100
 483 1.63900  3.24600
 484 1.63600  3.24200
 485 1.64600  3.22500
 486 1.63500  3.36100
 487 1.65500  3.33400
 488 1.65200  3.20500
 489 1.65100  3.19300
 490 1.65700  3.27400
 491 1.66000  3.35000
 492 1.66300  3.24600
 493 1.67000  3.09400
 494 1.67000  3.31400
 495 1.67300  3.19500
 496 1.67600  3.30400
 497 1.67800  3.31200
 498 1.68100  3.23100
 499 1.69000  3.22100
 500 1.68500  3.21300
 501 1.69000  3.34000
 502 1.69900  3.21100
 503 1.69800  3.23100
 504 1.69400  3.22400
 505 1.70500  3.22900
 506 1.69700  3.20500
 507 1.70800  3.24700
 508 1.71100  3.28300
 509 1.72100  3.28100
 510 1.71700  3.28800
 511 1.70900  3.30500
 512 1.72900  3.12700
 513 1.73000  3.31000
 514 1.73500  3.32200
 515 1.72900  3.26000
 516 1.73300  3.23100
 517 1.74200  3.29300
 518 1.73900  3.34100
 519 1.74600  3.17300
 520 1.74100  3.22300
 521 1.75200  3.24800
 522 1.76000  3.22900
 523 1.76100  3.23400
 524 1.76200  3.26900
 525 1.76300  3.15900
 526 1.76600  3.15400
 527 1.77000  3.27900
 528 1.77300  3.22700
 529 1.77700  3.26900
 530 1.77400  3.23100
 531 1.78500  3.17900
 532 1.78400  3.19700
 533 1.78500  3.43100
 534 1.79400  3.27300
 535 1.79400  3.24900
 536 1.79400  3.26200
 537 1.80300  3.37200
 538 1.80700  3.18900
 539 1.80700  3.20500
 540 1.80800  3.25600
 541 1.81300  3.31000
 542 1.81500  3.17900
 543 1.82300  3.18200
 544 1.81900  3.31500
 545 1.82300  3.24100
 546 1.82700  3.22200
 547 1.83500  3.32400
 548 1.83100  3.29600
 549 1.84000  3.18600
 550 1.82900  3.22700
 551 1.86200  3.10800
 552 1.84900  3.24800
 553 1.80300  3.10700
 554 1.84800  3.19900
 555 1.86200  3.30400
 556 1.86300  3.19500
 557 1.86500  3.15000
 558 1.89300  3.22200
 559 1.86800  3.33100
 560 1.87300  3.27500
 561 1.87000  3.35000
 562 1.86900  3.29900
 563 1.87500  3.25100
 564 1.88400  3.24300
 565 1.89200  3.29400
 566 1.88500  3.25700
 567 1.89600  3.21300
 568 1.89700  3.36700
 569 1.89900  3.31000
 570 1.90400  3.29000
 571 1.90200  3.27500
 572 1.91500  3.28800
 573 1.92100  3.34800
 574 1.92900  3.30400
 575 1.93700  3.15400
 576 1.93000  3.21900
 577 1.94300  3.24800
 578 1.93700  3.24600
 579 1.94100  3.28300
 580 1.94600  3.28700
 581 1.95600  3.23600
 582 1.94700  3.24500
 583 1.95300  3.19000
 584 1.96300  3.24000
 585 1.96400  3.25100
 586 1.96800  3.33000
 587 1.96500  3.31600
 588 1.97000  3.22800
 589 1.98500  3.36100
 590 1.97300  3.33100
 591 1.97900  3.27000
 592 1.98100  3.16300
 593 1.98500  3.20600
 594 1.98400  3.36200
 595 1.99000  3.23000
 596 2.05900  3.62200
 597 2.17400  3.84300
 598 2.28300  3.49700
 599 2.60900  3.31500
 600 2.04600  3.26400
 601 2.00900  3.94400
 602 2.05200  3.39200
 603 2.02100  3.28100
 604 2.09400  3.77500
 605 2.02300  3.29000
 606 2.03700  3.30500
 607 2.15200  3.43300
 608 2.05300  3.23000
 609 2.03600  3.30600
 610 2.07200  3.24500
 611 2.03800  3.23300
 612 2.03600  3.27400
 613 2.05300  3.24700
 614 2.05600  3.33300
 615 2.05100  3.24700
 616 2.05400  3.25700
 617 2.05300  3.27100
 618 2.06300  3.28000
 619 2.08600  3.24000
 620 2.06400  3.26700
 621 2.08200  3.21000
 622 2.07800  3.24700
 623 2.08500  3.22700
 624 2.08500  3.24800
 625 2.08700  3.16600
 626 2.09200  3.35800
 627 2.11300  3.23600
 628 2.10700  3.24200
 629 2.13000  3.31300
 630 2.11800  3.24900
 631 2.12700  3.25300
 632 2.13500  3.17200
 633 2.13600  3.28200
 634 2.14200  3.25800
 635 2.11900  3.20200
 636 2.14300  3.26400
 637 2.14600  3.23300
 638 2.12600  3.19700
 639 2.14100  3.34300
 640 2.15100  3.27700
 641 2.15300  3.34000
 642 2.14800  3.27000
 643 2.18100  3.27900
 644 2.15600  3.25700
 645 2.15800  3.24800
 646 2.16500  3.34300
 647 2.16500  3.25600
 648 2.16700  3.23900
 649 2.16700  3.23400
 650 2.17800  3.29400
 651 2.07100  3.21700
 652 2.18900  3.28900
 653 2.18300  3.23600
 654 2.18400  3.25300
 655 2.18700  3.28500
 656 2.19500  3.21900
 657 2.19400  3.28200
 658 2.19900  3.24300
 659 2.20700  3.19500
 660 2.20700  3.23500
 661 2.21300  3.28300
 662 2.21400  3.29400
 663 2.21300  3.26100
 664 2.21700  3.27300
 665 2.20900  3.28900
 666 2.23000  3.29100
 667 2.22100  3.30500
 668 2.22500  3.20200
 669 2.23100  3.28800
 670 2.22700  3.24600
 671 2.25000  3.14700
 672 2.25000  3.19000
 673 2.25500  3.33600
 674 2.26200  3.39800
 675 2.26000  3.31600
 676 2.25300  3.30800
 677 2.26600  3.22100
 678 2.26800  3.41100
 679 2.27400  3.23900
 680 2.27900  3.21600
 681 2.27100  3.21900
 682 2.28000  3.37700
 683 2.28300  3.24800
 684 2.30100  3.33000
 685 2.31300  3.27500
 686 2.30000  3.27700
 687 2.29700  3.28400
 688 2.31000  3.23800
 689 2.29400  3.10200
 690 2.30500  3.17800
 691 2.31200  3.34000
 692 2.31100  3.30200
 693 2.31900  3.21700
 694 2.31500  3.18700
 695 2.32400  3.21200
 696 2.32300  3.27400
 697 2.32300  3.18900
 698 2.33500  3.35100
 699 2.33600  3.29400
 700 2.33200  3.16700
 701 2.32200  3.23600
 702 2.30200  3.39800
 703 2.34100  3.20100
 704 2.34100  3.29500
 705 2.36300  3.28200
 706 2.32700  3.31500
 707 2.36400  3.30700
 708 2.35700  3.36100
 709 2.37500  3.18600
 710 2.37000  3.35900
 711 2.37300  3.21900
 712 2.36400  3.29500
 713 2.37800  3.19300
 714 2.38100  3.25000
 715 2.38300  3.28600
 716 2.39100  3.24600
 717 2.39100  3.29900
 718 2.39700  3.31200
 719 2.39400  3.30300
 720 2.39200  3.24900
 721 2.39200  3.31000
 722 2.39500  3.26900
 723 2.40100  3.32100
 724 2.40300  3.12600
 725 2.40500  3.17700
 726 2.41300  3.15600
 727 2.41000  3.29000
 728 2.41400  3.21400
 729 2.42200  3.38200
 730 2.42400  3.30300
 731 2.42500  3.19300
 732 2.43000  3.20200
 733 2.42900  3.19700
 734 2.43600  3.22600
 735 2.44400  3.18600
 736 2.44400  3.30200
 737 2.44500  3.36200
 738 2.46400  3.19800
 739 2.45500  3.33600
 740 2.45400  3.27700
 741 2.45700  3.33500
 742 2.47600  3.18900
 743 2.46500  3.18700
 744 2.46300  3.24200
 745 2.47000  3.18300
 746 2.48400  3.27300
 747 2.46200  3.32100
 748 2.48100  3.27100
 749 2.50000  3.20700
 750 2.49600  3.21000
 751 2.49800  3.20800
 752 2.52600  3.26000
 753 2.50400  3.22500
 754 2.50700  3.20400
 755 2.50800  3.37100
 756 2.43700  3.19600
 757 2.35200  3.28500
 758 2.51700  3.25700
 759 2.52200  3.18700
 760 2.50700  3.23100
 761 2.51700  3.26100
 762 2.52400  3.32100
 763 2.52700  3.23900
 764 2.52700  3.23400
 765 2.53200  3.37500
 766 2.53500  3.31100
 767 2.53300  3.30600
 768 2.53500  3.25400
 769 2.54300  3.28700
 770 2.54000  3.27300
 771 2.54700  3.29000
 772 2.54700  3.27000
 773 2.55800  3.15200
 774 2.55900  3.15500
 775 2.56300  3.27800
 776 2.56200  3.27700
 777 2.56400  3.21200
 778 2.56400  3.26200
 779 2.56900  3.20200
 780 2.57300  3.23900
 781 2.57700  3.19500
 782 2.58800  3.32800
 783 2.58600  3.28200
 784 2.56600  3.26800
 785 2.56200  3.29500
 786 2.57100  3.33600
 787 2.59200  3.20100
 788 2.57200  3.31400
 789 2.58100  3.15100
 790 2.58500  3.27700
 791 2.59500  3.23700
 792 2.59300  3.25700
 793 2.59300  3.31000
 794 2.56400  3.24100
 795 2.59500  3.16600
 796 2.60100  3.25200
 797 2.60600  3.24000
 798 2.60500  3.23300
 799 2.60900  3.31900
 800 2.60800  3.13900
 801 2.61600  3.14300
 802 2.61900  3.41200
 803 2.61700  3.24300
 804 2.63300  3.17700
 805 2.62900  3.26100
 806 2.62700  3.19700
 807 2.66400  3.33100
 808 2.63500  3.30100
 809 2.66000  3.27300
 810 2.66700  3.24000
 811 2.67900  3.26200
 812 2.64500  3.34100
 813 2.65400  3.22100
 814 2.65500  3.17700
 815 2.64600  3.21800
 816 2.65600  3.23600
 817 2.66900  3.31100
 818 2.66900  3.38500
 819 2.67200  3.18500
 820 2.66900  3.29600
 821 2.67500  3.23200
 822 2.67600  3.25100
 823 2.68100  3.22900
 824 2.68200  3.23500
 825 2.69200  3.24400
 826 2.69100  3.19100
 827 2.69200  3.28800
 828 2.69100  3.24800
 829 2.70700  3.36800
 830 2.70600  3.27800
 831 2.71300  3.22400
 832 2.71500  3.26100
 833 2.71600  3.23600
 834 2.72400  3.20500
 835 2.71900  3.31000
 836 2.72600  3.19100
 837 2.72800  3.26800
 838 2.72600  3.29100
 839 2.73500  3.16700
 840 2.73500  3.25900
 841 2.73800  3.32800
 842 2.74100  3.29300
 843 2.74700  3.22800
 844 2.74900  3.18700
 845 2.75500  3.19400
 846 2.75600  3.21500
 847 2.77100  3.31900
 848 2.76100  3.22300
 849 2.76600  3.28800
 850 2.77000  3.30800
 851 2.77900  3.18700
 852 2.77600  3.20600
 853 2.77900  3.15900
 854 2.77800  3.28900
 855 2.79200  3.25300
 856 2.78800  3.20500
 857 2.79100  3.27500
 858 2.79800  3.31800
 859 2.79500  3.16800
 860 2.79900  3.26100
 861 2.80200  3.18800
 862 2.80200  3.36000
 863 2.80500  3.17200
 864 2.80300  3.24500
 865 2.81900  3.20000
 866 2.81900  3.20700
 867 2.82600  3.26900
 868 2.82600  3.26700
 869 2.81800  3.25800
 870 2.81700  3.21100
 871 2.83400  3.32500
 872 2.83200  3.30000
 873 2.84100  3.34600
 874 2.96400  3.21000
 875 2.89500  3.28500
 876 2.84700  3.17400
 877 2.85100  3.23200
 878 2.86400  3.23000
 879 2.85800  3.27000
 880 2.85300  3.25000
 881 2.86900  3.25000
 882 2.86800  3.22900
 883 2.86600  3.23000
 884 2.87400  3.26900
 885 2.87200  3.21000
 886 2.88200  3.30200
 887 2.88000  3.17100
 888 2.88300  3.18200
 889 2.88300  3.34200
 890 2.89500  3.20600
 891 2.88900  3.37200
 892 2.89700  3.22700
 893 2.90200  3.28400
 894 2.90700  3.26400
 895 2.91200  3.19000
 896 2.90600  3.25900
 897 2.91200  3.17000
 898 2.91100  3.15100
 899 2.91800  3.25200
 900 2.92100  3.22100
 901 2.92500  3.23900
 902 2.92700  3.34700
 903 2.93300  3.41000
 904 2.93500  3.24900
 905 2.93700  3.23300
 906 2.94000  3.35100
 907 2.94800  3.22100
 908 2.94300  3.30100
 909 2.95200  3.34300
 910 2.93600  3.19300
 911 2.95400  3.22400
 912 2.96200  3.39900
 913 2.96100  3.21700
 914 2.95100  3.27000
 915 2.97000  3.31200
 916 2.99400  3.28100
 917 2.97800  3.24600
 918 2.98000  3.27000
 919 2.98400  3.27000
 920 2.98600  3.17900
 921 2.99200  3.24800
 922 2.99500  3.24900
 923 2.99400  3.26800
 924 2.99900  3.28200
 925 2.99900  3.29700
 926 3.00500  3.26500
 927 3.01100  3.22500
 928 3.01200  3.32500
 929 3.01400  3.26000
 930 3.01400  3.25400
 931 3.01900  3.29600
 932 3.02600  3.22900
 933 3.02800  3.28900
 934 3.03100  3.29700
 935 3.03100  3.28300
 936 3.03900  3.29800
 937 3.03100  3.31100
 938 3.03700  3.26000
 939 3.04300  3.29000
 940 3.04400  3.30400
 941 3.04400  3.20300
 942 3.05700  3.28700
 943 3.05600  3.26500
 944 3.05700  3.25800
 945 3.05500  3.26700
 946 3.07000  3.24200
 947 3.07100  3.31100
 948 3.07000  3.21700
 949 3.07800  3.23100
 950 3.08600  3.28700
 951 3.08600  3.28600
 952 3.08100  3.22300
 953 3.08300  3.32900
 954 3.09200  3.20900
 955 3.10000  3.24500
 956 3.10100  3.25600
 957 3.09800  3.21800
 958 3.10700  3.27500
 959 3.10900  3.25100
 960 3.11100  3.25400
 961 3.11400  3.36800
 962 3.12000  3.28800
 963 3.12300  3.33300
 964 3.12000  3.26700
 965 3.12600  3.38500
 966 3.12900  3.22300
 967 3.13200  3.22600
 968 3.13400  3.37800
 969 3.14400  3.18400
 970 3.13700  3.20200
 971 3.14300  3.25300
 972 3.15600  3.15400
 973 3.15400  3.27000
 974 3.15900  3.26100
 975 3.15900  3.19700
 976 3.17000  3.25600
 977 3.17300  3.09200
 978 3.17100  3.18000
 979 3.13100  3.30900
 980 3.16600  3.31100
 981 3.19100  3.26600
 982 3.18200  3.16000
 983 3.18500  3.29100
 984 3.19000  3.30000
 985 3.19000  3.35100
 986 3.19600  3.31400
 987 3.19700  3.26000
 988 3.20200  3.34900
 989 3.21000  3.35700
 990 3.20600  3.20300
 991 3.20800  3.28400
 992 3.21300  3.24300
 993 3.20400  3.36900
 994 3.21600  3.31500
 995 3.22800  3.30100
 996 3.22800  3.27100
 997 3.22600  3.20800
 998 3.23000  3.30900
 999 3.23400  3.27900
 1000 3.23100  3.16400
 1001 3.25000  3.29600
 1002 3.24100  3.39900
 1003 3.24700  3.27500
 1004 3.25100  3.16100
 1005 3.25600  3.19900
 1006 3.26300  3.30600
 1007 3.26900  3.29800
 1008 3.26600  3.22800
 1009 3.27000  3.31000
 1010 3.27200  3.27700
 1011 3.27500  3.32900
 1012 3.27900  3.21000
 1013 3.27600  3.23800
 1014 3.28200  3.28700
 1015 3.29400  3.32800
 1016 3.29600  3.33600
 1017 3.28800  3.29900
 1018 3.29700  3.42100
 1019 3.30100  3.26300
 1020 3.31400  3.30700
 1021 3.30600  3.18300
 1022 3.31800  3.26700
 1023 3.32100  3.30700
 1024 3.31800  3.31600
 1025 3.35200  3.28400
 1026 3.34500  3.30400
 1027 3.35500  3.24300
 1028 3.36200  3.23100
 1029 3.36200  3.22300
 1030 3.37100  3.15200
 1031 3.36500  3.20300
 1032 3.36700  3.24800
 1033 3.37100  3.30500
 1034 3.38100  3.30300
 1035 3.37700  3.16300
 1036 3.38100  3.16800
 1037 3.38400  3.15200
 1038 3.38500  3.21300
 1039 3.40500  3.24400
 1040 3.39500  3.33300
 1041 3.39500  3.40000
 1042 3.40200  3.23000
 1043 3.42800  3.31300
 1044 3.41200  3.25400
 1045 3.41200  3.25200
 1046 3.41600  3.32700
 1047 3.41200  3.23500
 1048 3.41700  3.33100
 1049 3.42400  3.27800
 1050 3.42700  3.21800
 1051 3.43000  3.29500
 1052 3.43400  3.25900
 1053 3.43900  3.25400
 1054 3.45300  3.24500
 1055 3.44200  3.31100
 1056 3.47300  3.33400
 1057 3.44800  3.26400
 1058 3.44600  3.43000
 1059 3.46100  3.20600
 1060 3.47900  3.29400
 1061 3.45300  3.33000
 1062 3.48900  3.42300
 1063 3.49100  3.26100
 1064 3.48900  3.35000
 1065 3.48600  3.24900
 1066 3.49400  3.35100
 1067 3.49900  3.34500
 1068 3.52000  3.35900
 1069 3.48300  3.32900
 1070 3.48600  3.37100
 1071 3.51200  3.33200
 1072 3.49000  3.28600
 1073 3.49400  3.35000
 1074 3.49700  3.23800
 1075 3.48000  3.39200
 1076 3.57100  3.36000
 1077 3.78000  3.42100
 1078 3.56800  3.26800
 1079 3.61100  3.36000
 1080 3.63600  3.22400
 1081 3.54200  3.18000
 1082 3.54800  3.25200
 1083 3.55100  3.28700
 1084 3.55500  3.29300
 1085 3.53000  3.26300
 1086 3.53700  3.28100
 1087 3.54600  3.30400
 1088 3.54400  3.18000
 1089 3.54900  3.26900
 1090 3.55000  3.34400
 1091 3.56500  3.26700
 1092 3.54100  3.23900
 1093 3.55800  3.25200
 1094 3.56500  3.16500
 1095 3.57600  3.22900
 1096 3.57700  3.18100
 1097 3.57300  3.23600
 1098 3.57000  3.30300
 1099 3.57800  3.20800
 1100 3.58900  3.29000
 1101 3.58700  3.36500
 1102 3.58500  3.32200
 1103 3.58400  3.23200
 1104 3.59600  3.22600
 1105 3.59900  3.33600
 1106 3.59600  3.26400
 1107 3.60200  3.32300
 1108 3.60800  3.27100
 1109 3.60500  3.25600
 1110 3.61000  3.24500
 1111 3.60200  3.23700
 1112 3.61600  3.25900
 1113 3.61700  3.23500
 1114 3.62500  3.20700
 1115 3.62500  3.31700
 1116 3.63300  3.20200
 1117 3.64000  3.23800
 1118 3.64100  3.26700
 1119 3.64100  3.23300
 1120 3.64000  3.24600
 1121 3.64100  3.15700
 1122 3.65800  3.32600
 1123 3.65100  3.29900
 1124 3.65200  3.26700
 1125 3.66000  3.36900
 1126 3.66200  3.38200
 1127 3.65900  3.34600
 1128 3.66700  3.28700
 1129 3.67100  3.37600
 1130 3.67300  3.14900
 1131 3.67600  3.19700
 1132 3.68100  3.25600
 1133 3.68500  3.28800
 1134 3.68600  3.26100
 1135 3.69100  3.20700
 1136 3.68400  3.22500
 1137 3.69800  3.23600
 1138 3.69900  3.25300
 1139 3.69800  3.39100
 1140 3.70500  3.20900
 1141 3.71300  3.21500
 1142 3.71400  3.33100
 1143 3.72000  3.19000
 1144 3.71700  3.26000
 1145 3.72700  3.31400
 1146 3.72700  3.17800
 1147 3.72700  3.27000
 1148 3.73100  3.15100
 1149 3.74300  3.30200
 1150 3.72900  3.32200
 1151 3.73700  3.23600
 1152 3.74100  3.18900
 1153 3.74900  3.26800
 1154 3.74900  3.27000
 1155 3.75300  3.28200
 1156 3.76200  3.23300
 1157 3.75900  3.26900
 1158 3.75800  3.24400
 1159 3.75800  3.23500
 1160 3.77300  3.37300
 1161 3.77500  3.25600
 1162 3.77900  3.24100
 1163 3.77300  3.20400
 1164 3.77600  3.21400
 1165 3.77600  3.30500
 1166 3.78600  3.30100
 1167 3.79000  3.26200
 1168 3.79600  3.27400
 1169 3.79500  3.34300
 1170 3.79800  3.28100
 1171 3.79200  3.19700
 1172 3.80300  3.30600
 1173 3.81300  3.22400
 1174 3.80400  3.17500
 1175 3.81200  3.25500
 1176 3.80400  3.20300
 1177 3.81900  3.30300
 1178 3.81900  3.19700
 1179 3.84400  3.15700
 1180 3.83100  3.26500
 1181 3.85600  3.24500
 1182 3.84400  3.15800
 1183 3.89900  3.29400
 1184 3.87500  3.26700
 1185 3.83700  3.20500
 1186 3.79900  3.15100
 1187 3.85100  3.32500
 1188 3.86300  3.25100
 1189 3.85100  3.34400
 1190 3.85800  3.26200
 1191 3.86300  3.29800
 1192 3.86700  3.22100
 1193 3.87200  3.24300
 1194 3.87400  3.31900
 1195 3.87100  3.39700
 1196 3.87500  3.21400
 1197 3.88100  3.18000
 1198 3.88200  3.23700
 1199 3.88600  3.25900
 1200 3.88700  3.23300
 1201 3.88900  3.31600
 1202 3.89100  3.15500
 1203 3.90100  3.30300
 1204 3.90600  3.34900
 1205 3.89900  3.20000
 1206 3.90500  3.18900
 1207 3.90800  3.25500
 1208 3.91300  3.24400
 1209 3.92000  3.22400
 1210 3.91500  3.26900
 1211 3.92100  3.31800
 1212 3.92200  3.18300
 1213 3.93300  3.28700
 1214 3.94400  3.30100
 1215 3.94400  3.25500
 1216 3.94400  3.23300
 1217 3.93800  3.27600
 1218 3.94500  3.24600
 1219 3.95300  3.21900
 1220 3.96300  3.32500
 1221 3.95800  3.13000
 1222 3.95600  3.35100
 1223 3.97600  3.26200
 1224 3.96800  3.34700
 1225 3.97200  3.20400
 1226 3.96800  3.11200
 1227 3.98300  3.30300
 1228 3.98300  3.20900
 1229 3.98700  3.26000
 1230 3.98800  3.24700
 1231 3.98600  3.20600
 1232 3.99600  3.27900
 1233 3.98900  3.20500
 1234 3.99500  3.22900
 1235 4.00100  3.27100
 1236 4.00300  3.25100
 1237 4.00800  3.25100
 1238 4.00800  3.20000
 1239 4.01100  3.26000
 1240 4.00900  3.24300
 1241 4.01800  3.36400
 1242 4.02500  3.25700
 1243 4.02100  3.24400
 1244 4.02600  3.16600
 1245 4.03200  3.25800
 1246 4.04100  3.31900
 1247 4.02000  3.28400
 1248 4.03800  3.27000
 1249 4.03200  3.26900
 1250 4.04900  3.14800
 1251 4.04600  3.37600
 1252 4.05400  3.29500
 1253 4.05300  3.29900
 1254 4.05800  3.28000
 1255 4.06000  3.26200
 1256 4.06600  3.29600
 1257 4.07100  3.23000
 1258 4.06400  3.12600
 1259 4.07500  3.13100
 1260 4.07600  3.30700
 1261 4.07400  3.32500
 1262 4.08600  3.23200
 1263 4.09100  3.24700
 1264 4.08100  3.29600
 1265 4.09600  3.31000
 1266 4.09100  3.26400
 1267 4.09400  3.26900
 1268 4.10200  3.27900
 1269 4.10000  3.35900
 1270 4.11000  3.32200
 1271 4.11000  3.30700
 1272 4.10900  3.28100
 1273 4.11800  3.30300
 1274 4.12000  3.20600
 1275 4.11300  3.27600
 1276 4.11700  3.40500
 1277 4.13100  3.21100
 1278 4.13800  3.27000
 1279 4.13600  3.20200
 1280 4.13900  3.32800
 1281 4.14700  3.26600
 1282 4.14500  3.32800
 1283 4.14700  3.22300
 1284 4.15200  3.20500
 1285 4.15200  3.14700
 1286 4.15500  3.30800
 1287 4.16600  3.31100
 1288 4.16400  3.36500
 1289 4.16400  3.25900
 1290 4.16500  3.19600
 1291 4.15900  3.32200
 1292 4.19800  3.15000
 1293 4.16800  3.27400
 1294 4.18400  3.34000
 1295 4.18800  3.22400
 1296 4.19400  3.23900
 1297 4.18800  3.37600
 1298 4.18900  3.19800
 1299 4.19700  3.32300
 1300 4.19800  3.24900
 1301 4.24700  3.25100
 1302 4.22400  3.17600
 1303 4.22000  3.26900
 1304 4.30900  3.29100
 1305 4.20800  3.20600
 1306 4.25100  3.25600
 1307 4.22600  3.34000
 1308 4.24200  3.17400
 1309 4.22800  3.34900
 1310 4.22800  3.17000
 1311 4.23500  3.24200
 1312 4.24100  3.21500
 1313 4.24800  3.27000
 1314 4.28200  3.28700
 1315 4.27000  3.32600
 1316 4.24300  3.29600
 1317 4.35100  3.24200
 1318 4.25600  3.30700
 1319 4.29000  3.24400
 1320 4.26200  3.22200
 1321 4.28700  3.24100
 1322 4.27600  3.28300
 1323 4.26800  3.18600
 1324 4.26600  3.19900
 1325 4.27700  3.30500
 1326 4.27100  3.25600
 1327 4.31500  3.31800
 1328 4.27900  3.32800
 1329 4.29600  3.18800
 1330 4.31500  3.31700
 1331 4.32100  3.30000
 1332 4.30400  3.11900
 1333 4.29500  3.22300
 1334 4.30700  3.27900
 1335 4.30500  3.31600
 1336 4.31700  3.20200
 1337 4.31200  3.34700
 1338 4.32400  3.23100
 1339 4.31400  3.19100
 1340 4.32200  3.31800
 1341 4.32500  3.27900
 1342 4.32800  3.24300
 1343 4.36200  3.25000
 1344 4.33100  3.14000
 1345 4.31500  3.29200
 1346 4.15600  3.38000
 1347 4.34600  3.19400
 1348 4.38800  3.16300
 1349 4.36800  3.30600
 1350 4.36300  3.32700
 1351 4.35900  3.39700
 1352 4.38600  3.29400
 1353 4.36700  3.23600
 1354 4.36500  3.24300
 1355 4.38600  3.27100
 1356 4.37200  3.25900
 1357 4.37000  3.30900
 1358 4.41500  3.20100
 1359 4.38500  3.19100
 1360 4.38900  3.24100
 1361 4.39000  3.29000
 1362 4.46100  3.25700
 1363 4.40000  3.32900
 1364 4.39900  3.18800
 1365 4.39800  3.28100
 1366 4.40200  3.33000
 1367 4.40400  3.25700
 1368 4.41000  3.27600
 1369 4.41300  3.27200
 1370 4.41900  3.27400
 1371 4.41800  3.23100
 1372 4.42200  3.21000
 1373 4.42700  3.23200
 1374 4.42900  3.23000
 1375 4.48400  3.16100
 1376 4.52300  3.29700
 1377 4.44500  3.37100
 1378 4.45800  3.34000
 1379 4.44100  3.27200
 1380 4.44700  3.16900
 1381 4.47800  3.28300
 1382 4.44800  3.21200
 1383 4.45600  3.24500
 1384 4.46200  3.32100
 1385 4.46500  3.25800
 1386 4.45600  3.33700
 1387 4.46700  3.30700
 1388 4.47500  3.24500
 1389 4.46900  3.31400
 1390 4.47500  3.18700
 1391 4.47600  3.24800
 1392 4.48800  3.22300
 1393 4.48900  3.23600
 1394 4.48900  3.21100
 1395 4.48500  3.20100
 1396 4.48900  3.31000
 1397 4.49900  3.29400
 1398 4.50700  3.24600
 1399 4.49200  3.20800
 1400 4.52500  3.25600
 1401 4.51400  3.23200
 1402 4.51600  3.30600
 1403 4.52300  3.30300
 1404 4.55600  3.26800
 1405 4.51700  3.41300
 1406 4.56600  3.32500
 1407 4.53000  3.26900
 1408 4.55200  3.29200
 1409 4.54300  3.29100
 1410 4.53900  3.27900
 1411 4.53900  3.26100
 1412 4.54300  3.23200
 1413 4.54700  3.32700
 1414 4.59000  3.19000
 1415 4.56300  3.31800
 1416 4.56000  3.22400
 1417 4.56500  3.14000
 1418 4.60300  3.27000
 1419 4.60000  3.28500
 1420 4.57200  3.21300
 1421 4.65000  3.32600
 1422 4.57400  3.41200
 1423 4.58200  3.19500
 1424 4.58300  3.21800
 1425 4.66000  3.28500
 1426 4.61600  3.25700
 1427 4.58900  3.27400
 1428 4.63100  3.09200
 1429 4.62200  3.24500
 1430 4.64400  3.29900
 1431 4.61000  3.34400
 1432 4.60800  3.30800
 1433 4.68500  3.34400
 1434 4.60600  3.34200
 1435 4.61500  3.14200
 1436 4.61100  3.13500
 1437 4.65500  3.30300
 1438 4.62700  3.31400
 1439 4.65900  3.22800
 1440 4.63500  3.33200
 1441 4.63600  3.27400
 1442 4.64500  3.23100
 1443 4.65400  3.35400
 1444 4.64800  3.25100
 1445 4.65600  3.24800
 1446 4.64900  3.29500
 1447 4.65900  3.31500
 1448 4.65700  3.25200
 1449 4.69800  3.37300
 1450 4.66000  3.24800
 1451 4.66800  3.21300
 1452 4.74200  3.39600
 1453 4.67500  3.25700
 1454 4.67600  3.26400
 1455 4.68000  3.25000
 1456 4.70000  3.28600
 1457 4.69000  3.29600
 1458 4.68700  3.30000
 1459 4.69100  3.21800
 1460 4.69200  3.25300
 1461 4.69700  3.20200
 1462 4.70000  3.17500
 1463 4.70400  3.25200
 1464 4.70700  3.21000
 1465 4.73300  3.35400
 1466 4.71100  3.22100
 1467 4.71100  3.19300
 1468 4.72200  3.35300
 1469 4.72300  3.11400
 1470 4.72400  3.29900
 1471 4.73200  3.19300
 1472 4.72800  3.25500
 1473 4.73000  3.21300
 1474 4.73500  3.31000
 1475 4.73900  3.27900
 1476 4.74900  3.24900
 1477 4.74900  3.25600
 1478 4.74900  3.34500
 1479 4.75600  3.27000
 1480 4.77300  3.24700
 1481 4.76200  3.18300
 1482 4.76300  3.23700
 1483 4.77000  3.33500
 1484 4.76400  3.23100
 1485 4.77300  3.26700
 1486 4.77700  3.21600
 1487 4.77900  3.21500
 1488 4.78700  3.25100
 1489 4.78100  3.24700
 1490 4.79300  3.09900
 1491 4.78700  3.26000
 1492 4.79400  3.29300
 1493 4.80000  3.21500
 1494 4.80500  3.24600
 1495 4.80800  3.15500
 1496 4.80200  3.20900
 1497 4.80600  3.21200
 1498 4.80900  3.16600
 1499 4.81600  3.23100
 1500 4.82000  3.29600
 1501 4.83000  3.35600
 1502 4.82800  3.17500
 1503 4.83500  3.29600
 1504 4.85000  3.35000
 1505 4.86900  3.17600
 1506 4.86200  3.39600
 1507 4.77900  3.25100
 1508 4.84900  3.21800
 1509 4.89500  3.33200
 1510 4.85200  3.25000
 1511 4.84300  3.27300
 1512 4.85800  3.32800
 1513 4.87400  3.30000
 1514 4.85100  3.26600
 1515 4.86300  3.30300
 1516 4.86800  3.35600
 1517 4.87200  3.22800
 1518 4.86900  3.31100
 1519 4.87800  3.39100
 1520 4.88300  3.31900
 1521 4.88600  3.25100
 1522 4.88000  3.26400
 1523 4.88200  3.36200
 1524 4.93000  3.33300
 1525 4.92700  3.20000
 1526 4.89600  3.25200
 1527 5.00600  3.25100
 1528 4.93600  3.29600
 1529 4.90600  3.31600
 1530 4.91300  3.20800
 1531 4.91400  3.34900
 1532 4.91900  3.24000
 1533 4.91600  3.24600
 1534 4.92000  3.26600
 1535 4.92800  3.27300
 1536 4.93300  3.29400
 1537 4.92600  3.24600
 1538 4.92900  3.30500
 1539 4.96200  3.14500
 1540 4.94200  3.18900
 1541 4.95300  3.28300
 1542 4.94700  3.22000
 1543 4.96400  3.16300
 1544 4.96300  3.22700
 1545 4.96200  3.20500
 1546 4.96100  3.31400
 1547 4.96500  3.32700
 1548 4.96600  3.38200
 1549 4.97000  3.32700
 1550 4.98000  3.32200
 1551 4.96900  3.26200
 1552 4.97300  3.22100
 1553 4.98500  3.32300
 1554 4.98800  3.26900
 1555 4.98800  3.25600
 1556 5.01300  3.31000
 1557 4.99400  3.31300
 1558 5.00000  3.21400
 1559 4.99700  3.30000
 1560 5.00200  3.34200
 1561 5.03900  3.27300
 1562 5.01100  3.40600
 1563 5.01400  3.28200
 1564 5.10100  3.23200
 1565 5.04800  3.20500
 1566 5.02500  3.21800
 1567 5.02500  3.34600
 1568 5.03500  3.27300
 1569 5.02500  3.25700
 1570 5.03600  3.29900
 1571 5.04700  3.43100
 1572 5.04500  3.25700
 1573 5.04400  3.29700
 1574 5.09000  3.27000
 1575 5.07000  3.26900
 1576 5.06800  3.19200
 1577 5.14500  3.36900
 1578 5.05900  3.25200
 1579 5.05800  3.24000
 1580 5.13000  3.26500
 1581 5.07400  3.23800
 1582 5.07500  3.22400
 1583 5.07200  3.17700
 1584 5.07400  3.21700
 1585 5.07800  3.34100
 1586 5.08400  3.28300
 1587 5.09300  3.25700
 1588 5.10200  3.28200
 1589 5.08600  3.28800
 1590 5.08900  3.15700
 1591 5.09500  3.30700
 1592 5.11200  3.33400
 1593 5.11000  3.21900
 1594 5.10900  3.29800
 1595 5.11600  3.16600
 1596 5.11700  3.19100
 1597 5.11600  3.33600
 1598 5.12400  3.26000
 1599 5.11700  3.30500
 1600 5.11900  3.28700
 1601 5.13200  3.24500
 1602 5.14000  3.30000
 1603 5.14000  3.28000
 1604 5.19300  3.41200
 1605 5.19000  3.33100
 1606 5.20700  3.33200
 1607 5.14800  3.31700
 1608 5.15500  3.18500
 1609 5.15600  3.21000
 1610 5.15600  3.32300
 1611 5.15800  3.36400
 1612 5.15200  3.19600
 1613 5.40900  3.30400
 1614 5.21600  3.24500
 1615 5.19100  3.26900
 1616 5.21900  3.41200
 1617 5.17800  3.20500
 1618 5.19700  3.45600
 1619 5.29400  3.23000
 1620 5.19200  3.18700
 1621 5.19000  3.22700
 1622 5.20200  3.28600
 1623 5.20300  3.19500
 1624 5.20200  3.30300
 1625 5.20700  3.34300
 1626 5.20500  3.29200
 1627 5.21600  3.27100
 1628 5.24300  3.23000
 1629 5.22200  3.27900
 1630 5.23100  3.38500
 1631 5.22000  3.26600
 1632 5.22800  3.33100
 1633 5.22700  3.28200
 1634 5.23200  3.30600
 1635 5.24400  3.24300
 1636 5.24400  3.24300
 1637 5.24900  3.33200
 1638 5.24100  3.30200
 1639 5.24900  3.19900
 1640 5.25600  3.39600
 1641 5.25600  3.24700
 1642 5.25500  3.18100
 1643 5.28400  3.29700
 1644 5.34900  3.28400
 1645 5.28800  3.29200
 1646 5.27200  3.26200
 1647 5.27300  3.33000
 1648 5.28400  3.35400
 1649 5.27900  3.29900
 1650 5.28000  3.26200
 1651 5.30600  3.23300
 1652 5.29000  3.22900
 1653 5.33000  3.22100
 1654 5.28600  3.29600
 1655 5.29400  3.23200
 1656 5.38700  3.34200
 1657 5.29800  3.34600
 1658 5.32900  3.21100
 1659 5.31600  3.29800
 1660 5.31400  3.13900
 1661 5.32000  3.25000
 1662 5.36300  3.31700
 1663 5.32700  3.24300
 1664 5.31900  3.17700
 1665 5.33600  3.12000
 1666 5.33900  3.26200
 1667 5.30600  3.26500
 1668 5.26300  3.21700
 1669 5.35500  3.26100
 1670 5.33500  3.28500
 1671 5.38400  3.40800
 1672 5.38200  3.21000
 1673 5.36300  3.42900
 1674 5.35600  3.31500
 1675 5.38300  3.35400
 1676 5.36200  3.27800
 1677 5.39300  3.16900
 1678 5.37600  3.23500
 1679 5.40500  3.30800
 1680 5.37100  3.22800
 1681 5.38000  3.15200
 1682 5.37400  3.17200
 1683 5.38800  3.22100
 1684 5.38400  3.24600
 1685 5.41200  3.20700
 1686 5.38600  3.29700
 1687 5.39600  3.26200
 1688 5.39900  3.31400
 1689 5.40600  3.24300
 1690 5.41100  3.37100
 1691 5.41800  3.25500
 1692 5.42300  3.25700
 1693 5.41600  3.28500
 1694 5.42000  3.29200
 1695 5.42300  3.26100
 1696 5.42900  3.35300
 1697 5.45500  3.18200
 1698 5.43200  3.20500
 1699 5.43300  3.25800
 1700 5.47100  3.22200
 1701 5.42200  3.43200
 1702 5.44300  3.23900
 1703 5.44900  3.31000
 1704 5.45100  3.21100
 1705 5.47400  3.18300
 1706 5.46300  3.26600
 1707 5.46100  3.33100
 1708 5.47100  3.24200
 1709 5.49400  3.29900
 1710 5.47300  3.31800
 1711 5.46900  3.27600
 1712 5.48700  3.32400
 1713 5.47200  3.32700
 1714 5.48800  3.09400
 1715 5.48600  3.24000
 1716 5.48800  3.16100
 1717 5.49500  3.27900
 1718 5.49900  3.24100
 1719 5.50100  3.25800
 1720 5.51000  3.29500
 1721 5.47800  3.31600
 1722 5.53100  3.28600
 1723 5.50500  3.26400
 1724 5.50800  3.29400
 1725 5.51200  3.34900
 1726 5.52600  3.26600
 1727 5.52100  3.18100
 1728 5.53300  3.31000
 1729 5.52800  3.17000
 1730 5.52800  3.27100
 1731 5.53300  3.34400
 1732 5.54600  3.32000
 1733 5.55100  3.30700
 1734 5.54500  3.15600
 1735 5.54600  3.22100
 1736 5.55300  3.32700
 1737 5.55900  3.22900
 1738 5.55700  3.30200
 1739 5.55400  3.31400
 1740 5.57300  3.34100
 1741 5.56400  3.19500
 1742 5.56700  3.21100
 1743 5.57200  3.28700
 1744 5.57900  3.32900
 1745 5.58100  3.20900
 1746 5.59200  3.22800
 1747 5.58900  3.34500
 1748 5.58200  3.28900
 1749 5.58100  3.31000
 1750 5.58900  3.28200
 1751 5.59100  3.37100
 1752 5.60700  3.29500
 1753 5.60800  3.33600
 1754 5.60900  3.22300
 1755 5.60500  3.21200
 1756 5.61100  3.36400
 1757 5.60700  3.33800
 1758 5.61400  3.31400
 1759 5.62100  3.20600
 1760 5.62000  3.25200
 1761 5.63500  3.20400
 1762 5.63200  3.25500
 1763 5.63900  3.35000
 1764 5.63400  3.18500
 1765 5.62500  3.25300
 1766 5.63300  3.26100
 1767 5.64500  3.29200
 1768 5.65400  3.22700
 1769 5.65200  3.25000
 1770 5.66200  3.25800
 1771 5.65900  3.27400
 1772 5.66500  3.21600
 1773 5.66800  3.23100
 1774 5.66900  3.30100
 1775 5.67200  3.38500
 1776 5.67400  3.12200
 1777 5.67100  3.21800
 1778 5.67600  3.23900
 1779 5.68300  3.26800
 1780 5.68400  3.17000
 1781 5.68600  3.29700
 1782 5.69000  3.23400
 1783 5.68700  3.24700
 1784 5.70400  3.27700
 1785 5.70700  3.18300
 1786 5.70500  3.26200
 1787 5.71200  3.19200
 1788 5.71100  3.21800
 1789 5.71100  3.23400
 1790 5.71300  3.23800
 1791 5.71400  3.24800
 1792 5.72100  3.22400
 1793 5.76700  3.26000
 1794 5.75300  3.30700
 1795 5.73100  3.27200
 1796 5.81800  3.25200
 1797 5.76200  3.31300
 1798 5.73900  3.32900
 1799 5.76700  3.34800
 1800 5.74600  3.23100
 1801 5.75200  3.18600
 1802 5.78000  3.29700
 1803 5.75700  3.27600
 1804 5.76200  3.29200
 1805 5.76500  3.31200
 1806 5.77300  3.28500
 1807 5.77300  3.27400
 1808 5.77500  3.19600
 1809 5.77700  3.25300
 1810 5.78600  3.27200
 1811 5.78000  3.26700
 1812 5.78800  3.25500
 1813 5.78500  3.22200
 1814 5.78900  3.36800
 1815 5.80000  3.20600
 1816 5.80000  3.24400
 1817 5.81100  3.24300
 1818 5.80200  3.27200
 1819 5.80800  3.16800
 1820 5.80500  3.28200
 1821 5.80400  3.28800
 1822 5.82700  3.17100
 1823 5.81300  3.22500
 1824 5.80800  3.35300
 1825 5.82900  3.23900
 1826 5.82900  3.19000
 1827 5.83700  3.15900
 1828 5.81800  3.22400
 1829 5.80300  3.24400
 1830 5.90000  3.23000
 1831 5.85100  3.24400
 1832 5.83900  3.17300
 1833 5.86000  3.24400
 1834 5.86300  3.26800
 1835 5.86400  3.33600
 1836 5.85700  3.22700
 1837 5.86100  3.26500
 1838 5.96000  3.21400
 1839 5.90300  3.35000
 1840 5.89200  3.29800
 1841 5.88200  3.24400
 1842 5.86800  3.31200
 1843 5.87400  3.14400
 1844 5.88700  3.30800
 1845 5.88300  3.22900
 1846 5.89000  3.22700
 1847 5.92400  3.37200
 1848 5.92400  3.23300
 1849 5.90000  3.46200
 1850 5.93000  3.25800
 1851 5.90000  3.32500
 1852 5.90300  3.26000
 1853 5.91100  3.27300
 1854 5.91100  3.15700
 1855 5.91200  3.20600
 1856 5.93500  3.17900
 1857 5.92500  3.23800
 1858 5.92600  3.34900
 1859 5.93800  3.25000
 1860 6.02100  3.34700
 1861 5.93600  3.36100
 1862 5.94700  3.26100
 1863 5.94500  3.28800
 1864 5.94600  3.32700
 1865 5.99500  3.31700
 1866 6.00100  3.26700
 1867 5.98500  3.26400
 1868 5.99600  3.44600
 1869 5.99400  3.28600
 1870 5.97700  3.25400
 1871 5.99600  3.21900
 1872 5.96500  3.24000
 1873 5.97900  3.27000
 1874 5.97300  3.36600
 1875 6.02700  3.35300
 1876 6.05300  3.28900
 1877 6.01300  3.20400
 1878 6.01500  3.20100
 1879 5.98900  3.27500
 1880 5.99100  3.27400
 1881 5.99200  3.21700
 1882 6.00400  3.18900
 1883 6.00900  3.28800
 1884 6.00400  3.26700
 1885 6.00900  3.27900
 1886 6.01400  3.19400
 1887 6.01800  3.19100
 1888 6.02100  3.34200
 1889 6.02300  3.27300
 1890 6.02200  3.29600
 1891 6.02500  3.28800
 1892 6.03300  3.17600
 1893 6.03400  3.28400
 1894 6.03100  3.29400
 1895 6.05300  3.23700
 1896 6.04400  3.29200
 1897 6.04600  3.29400
 1898 6.05000  3.20400
 1899 6.05500  3.26600
 1900 6.05600  3.22100
 1901 6.04600  3.29400
 1902 6.06000  3.20000
 1903 6.05800  3.23900
 1904 6.07100  3.21900
 1905 6.07400  3.20200
 1906 6.07800  3.17100
 1907 6.07400  3.23500
 1908 6.08200  3.22800
 1909 6.09000  3.29400
 1910 6.07700  3.30500
 1911 6.13700  3.25500
 1912 6.09600  3.29200
 1913 6.08900  3.26600
 1914 6.08900  3.16400
 1915 6.10300  3.19100
 1916 6.10100  3.27200
 1917 6.13400  3.17500
 1918 6.10000  3.23400
 1919 6.11700  3.26700
 1920 6.12300  3.25800
 1921 6.13300  3.35000
 1922 6.14500  3.21500
 1923 6.13500  3.28200
 1924 6.13400  3.36000
 1925 6.13800  3.23400
 1926 6.13700  3.27700
 1927 6.13700  3.22800
 1928 6.14300  3.24300
 1929 6.14900  3.39500
 1930 7.16900  3.95200
 1931 7.21800  3.95300
 1932 6.87900  3.51400
 1933 6.76900  3.52100
 1934 6.78600  3.42700
 1935 6.79200  3.62700
 1936 6.79200  3.65800
 1937 6.79500  3.57300
 1938 6.79700  3.56500
 1939 6.80400  3.66100
 1940 6.81000  3.60400
 1941 6.80400  3.65700
 1942 6.80100  3.62100
 1943 6.81100  3.66300
 1944 6.79800  3.63500
 1945 6.78700  3.60200
 1946 6.78200  3.63000
 1947 6.58700  3.50600
 1948 6.77700  3.65400
 1949 6.84100  3.57300
 1950 6.83200  3.56400
 1951 6.84600  3.51200
 1952 6.83200  3.67300
 1953 6.86300  3.53100
 1954 6.85000  3.53700
 1955 6.84700  3.65900
 1956 6.85000  3.60800
 1957 6.86600  3.70000
 1958 6.85400  3.55400
 1959 6.86900  3.55700
 1960 6.87300  3.62400
 1961 6.87400  3.58500
 1962 6.86800  3.51800
 1963 6.88800  3.68100
 1964 6.87400  3.52500
 1965 6.87900  3.56800
 1966 6.88700  3.48200
 1967 6.89000  3.57100
 1968 6.88500  3.71100
 1969 6.89000  3.59600
 1970 6.90300  3.63200
 1971 6.90500  3.65900
 1972 6.90700  3.65100
 1973 6.91100  3.56000
 1974 6.91400  3.49100
 1975 6.92500  3.58300
 1976 6.92500  3.64500
 1977 6.92200  3.61600
 1978 6.93400  3.69300
 1979 6.93400  3.60100
 1980 6.92800  3.63100
 1981 6.92900  3.66700
 1982 6.93700  3.52200
 1983 6.94100  3.55300
 1984 6.95500  3.49800
 1985 6.95700  3.54900
 1986 6.96000  3.60900
 1987 6.97100  3.56200
 1988 6.94400  3.62900
 1989 6.96400  3.58800
 1990 6.97600  3.44600
 1991 6.98100  3.58600
 1992 6.98600  3.49000
 1993 7.06700  3.61700
 1994 6.99200  3.64500
 1995 7.00600  3.62600
 1996 7.03700  3.68500
 1997 7.00900  3.55800
 1998 6.99900  3.54500
 1999 7.54200  3.69300
 