0 0.22900  2.13800
 1 0.23300  2.03600
 2 0.23600  2.08900
 3 0.25700  2.07200
 4 0.20100  2.10700
 5 0.24600  2.12400
 6 0.24100  2.06800
 7 0.27800  2.15100
 8 0.29800  1.93000
 9 0.20300  1.87900
 10 0.20400  1.93300
 11 0.19900  1.90300
 12 0.21200  1.90100
 13 0.21100  1.90600
 14 0.21100  1.96200
 15 0.22300  1.87700
 16 0.22000  1.89700
 17 0.23100  1.87700
 18 0.23600  1.89100
 19 0.23800  1.88400
 20 0.23400  1.87700
 21 0.24500  1.83600
 22 0.25000  1.89500
 23 0.24800  1.92000
 24 0.25100  1.89300
 25 0.25500  1.90400
 26 0.25900  1.90100
 27 0.26000  1.85100
 28 0.26800  1.84800
 29 0.27300  1.85900
 30 0.27600  1.93300
 31 0.28000  1.86600
 32 0.27500  1.85600
 33 0.28300  1.87900
 34 0.29100  1.87100
 35 0.28500  1.92400
 36 0.29300  1.84900
 37 0.29500  1.86700
 38 0.30400  1.89700
 39 0.29600  1.92500
 40 0.31300  1.94400
 41 0.31000  1.89800
 42 0.31600  1.84100
 43 0.31600  1.86700
 44 0.33000  1.93300
 45 0.32000  1.86700
 46 0.33000  1.88000
 47 0.32700  1.91600
 48 0.24300  1.92400
 49 0.36600  1.89400
 50 0.33800  1.90900
 51 0.34100  1.86400
 52 0.35100  1.85700
 53 0.35200  1.86600
 54 0.35600  1.87600
 55 0.35500  1.93800
 56 0.36400  1.90800
 57 0.36400  1.92000
 58 0.36700  1.92800
 59 0.37100  1.87900
 60 0.37500  1.87100
 61 0.37400  1.85700
 62 0.38500  1.81200
 63 0.38400  1.85700
 64 0.38400  1.94000
 65 0.38600  1.87800
 66 0.39200  1.82800
 67 0.39800  1.89200
 68 0.39800  1.87400
 69 0.40400  1.90900
 70 0.40800  1.86900
 71 0.40900  1.87200
 72 0.41500  1.88000
 73 0.41700  1.83400
 74 0.41800  1.87600
 75 0.42400  1.80300
 76 0.42500  1.90300
 77 0.43600  1.91200
 78 0.44300  1.82200
 79 0.43700  1.86000
 80 0.43900  1.91000
 81 0.44400  1.85500
 82 0.44800  1.85400
 83 0.45500  1.83900
 84 0.45200  1.83000
 85 0.45100  1.82300
 86 0.46300  1.86800
 87 0.46500  1.87900
 88 0.46400  1.88400
 89 0.46800  1.92100
 90 0.47300  1.88500
 91 0.48000  1.87500
 92 0.47800  1.90500
 93 0.48600  1.88300
 94 0.48700  1.82100
 95 0.49000  1.88200
 96 0.48900  1.87900
 97 0.50300  1.92900
 98 0.53900  1.88700
 99 0.50100  1.84500
 100 0.50900  1.88900
 101 0.51400  1.89100
 102 0.50800  1.88700
 103 0.51600  1.84000
 104 0.52400  1.91100
 105 0.52600  1.91000
 106 0.53200  1.92400
 107 0.53400  1.89300
 108 0.52600  1.89300
 109 0.54200  1.83300
 110 0.54200  1.92100
 111 0.54000  1.88400
 112 0.56500  1.91000
 113 0.55700  1.89100
 114 0.55600  1.90000
 115 0.55800  1.84100
 116 0.55800  1.88700
 117 0.56000  1.88000
 118 0.56100  1.85900
 119 0.57100  1.92500
 120 0.57700  1.88000
 121 0.58100  1.89200
 122 0.58100  1.92600
 123 0.56300  1.87200
 124 0.58400  1.88500
 125 0.59600  1.85700
 126 0.58700  1.88500
 127 0.59900  1.84700
 128 0.60400  1.84600
 129 0.60000  1.90200
 130 0.60800  1.90300
 131 0.61400  1.92200
 132 0.61600  1.90500
 133 0.61800  1.93300
 134 0.62300  1.85100
 135 0.63000  1.87500
 136 0.62600  1.84800
 137 0.63100  1.88300
 138 0.63800  1.94900
 139 0.63800  1.81500
 140 0.64400  1.87300
 141 0.64800  1.89700
 142 0.64700  1.88500
 143 0.64800  1.87500
 144 0.65500  1.85300
 145 0.65900  1.90800
 146 0.66500  1.87500
 147 0.66400  1.90900
 148 0.67000  1.88000
 149 0.66900  1.83500
 150 0.67800  1.94000
 151 0.67800  1.87300
 152 0.68400  1.88700
 153 0.68800  1.84200
 154 0.69300  1.95000
 155 0.69900  1.91300
 156 0.69700  1.90800
 157 0.69100  1.87300
 158 0.70600  1.87300
 159 0.70600  1.89300
 160 0.69200  1.83700
 161 0.71600  1.89800
 162 0.71900  1.83500
 163 0.72100  1.89600
 164 0.72000  1.86100
 165 0.72800  1.92700
 166 0.72800  1.86600
 167 0.73100  1.90200
 168 0.73200  1.91200
 169 0.74200  1.89800
 170 0.73900  1.89000
 171 0.74400  1.87300
 172 0.75200  1.93300
 173 0.75000  1.90700
 174 0.75700  1.80500
 175 0.75600  1.89700
 176 0.76400  1.88400
 177 0.76300  1.92300
 178 0.77100  1.88000
 179 0.77300  1.84800
 180 0.77200  1.87400
 181 0.78400  1.91300
 182 0.77800  1.91800
 183 0.78900  1.88900
 184 0.79100  1.90400
 185 0.78700  1.88000
 186 0.79300  1.90700
 187 0.80200  1.90200
 188 0.80300  1.88300
 189 0.80900  1.85600
 190 0.81200  1.84200
 191 0.81800  1.86600
 192 0.82400  1.88200
 193 0.81200  1.88000
 194 0.83200  1.87500
 195 0.83300  1.86800
 196 0.80200  1.85400
 197 0.75000  1.87200
 198 0.85900  1.84900
 199 0.82600  1.89600
 200 0.84900  1.88800
 201 0.85000  1.84400
 202 0.83800  1.90900
 203 0.85800  1.87700
 204 0.85500  1.92300
 205 0.86400  1.96000
 206 0.85800  1.88500
 207 0.86400  1.90100
 208 0.87100  1.86300
 209 0.87600  1.87100
 210 0.87700  1.85900
 211 0.87900  1.87100
 212 0.88500  1.89800
 213 0.88700  1.91000
 214 0.88500  1.85300
 215 0.89400  1.89600
 216 0.90300  1.87400
 217 0.90400  1.91800
 218 0.90100  1.85900
 219 0.90500  1.89700
 220 0.90800  1.91800
 221 0.91900  1.83000
 222 0.92000  1.88000
 223 0.92100  1.85800
 224 0.92600  1.91900
 225 0.92500  1.88900
 226 0.92900  1.88000
 227 0.93700  1.91300
 228 0.93400  1.91100
 229 0.93800  1.88400
 230 0.93700  1.93800
 231 0.93900  1.78300
 232 0.95500  1.87200
 233 0.95600  1.90800
 234 0.96000  1.89400
 235 0.97000  1.93800
 236 0.96200  1.85600
 237 0.96500  1.91400
 238 0.97000  1.90100
 239 0.97000  1.89400
 240 0.98400  1.83200
 241 0.98000  1.88600
 242 0.98400  1.90700
 243 0.98200  1.87900
 244 0.99200  1.94100
 245 0.99500  1.84200
 246 0.99500  1.87500
 247 1.00000  1.86000
 248 1.00700  1.84200
 249 1.00700  1.86900
 250 1.01100  1.91300
 251 1.01600  1.92500
 252 1.02000  1.84700
 253 1.01700  1.87000
 254 1.02600  1.83500
 255 1.02600  1.87200
 256 1.02900  1.86600
 257 1.02200  1.88300
 258 1.03200  1.90000
 259 1.04200  1.94600
 260 1.04000  1.88400
 261 1.05300  1.87100
 262 1.05000  1.86900
 263 1.05500  2.30500
 264 1.06800  1.91900
 265 1.05800  1.88600
 266 0.98500  1.74400
 267 0.96800  1.79000
 268 0.98300  2.10300
 269 1.17900  1.87900
 270 0.98200  1.66700
 271 0.97800  1.72400
 272 0.98400  1.73800
 273 1.00100  2.05400
 274 1.21000  1.78500
 275 0.99400  1.72200
 276 0.99400  1.73900
 277 1.00100  1.77900
 278 1.00200  1.79500
 279 1.05900  1.69500
 280 1.02700  1.80200
 281 1.04100  1.73500
 282 1.02400  1.68700
 283 1.06000  1.78300
 284 1.04800  1.77800
 285 1.02400  1.77500
 286 1.02600  1.75700
 287 1.03300  1.72400
 288 1.03700  1.72300
 289 1.09700  1.72300
 290 1.04400  1.69300
 291 1.03900  1.74500
 292 1.04000  1.73100
 293 1.00000  1.71300
 294 1.05500  1.69100
 295 1.05600  1.75000
 296 1.06500  1.68200
 297 1.06300  1.66500
 298 1.06700  1.73900
 299 1.06800  1.67100
 300 1.07300  1.72200
 301 1.07800  1.70800
 302 1.07700  1.74100
 303 1.08400  1.66200
 304 1.08000  1.69900
 305 1.08300  1.70200
 306 1.08400  1.74100
 307 1.09300  1.72200
 308 1.09900  1.71300
 309 1.11100  1.74100
 310 1.09300  1.75200
 311 1.10600  1.68000
 312 1.10900  1.72400
 313 1.11500  1.69900
 314 1.10800  1.72300
 315 1.11700  1.76500
 316 1.11600  1.67900
 317 1.11300  1.71600
 318 1.12300  1.64400
 319 1.12800  1.70900
 320 1.13700  1.74300
 321 1.13300  1.75700
 322 1.13900  1.67500
 323 1.13300  1.73300
 324 1.14200  1.68300
 325 1.14400  1.70300
 326 1.14900  1.71700
 327 1.15200  1.73900
 328 1.15200  1.66900
 329 1.16000  1.64300
 330 1.16700  1.73700
 331 1.16400  1.74700
 332 1.17100  1.71800
 333 1.16900  1.73100
 334 1.17700  1.71400
 335 1.18500  1.73300
 336 1.18600  1.63900
 337 1.16200  1.68600
 338 1.18900  1.73400
 339 1.19500  1.70300
 340 1.19200  1.75200
 341 1.19700  1.72200
 342 1.20100  1.71800
 343 1.19900  1.73100
 344 1.20500  1.69100
 345 1.20600  1.77700
 346 1.21200  1.61900
 347 1.21700  1.78700
 348 1.22000  1.72200
 349 1.22300  1.69800
 350 1.22800  1.73600
 351 1.22900  1.70500
 352 1.22900  1.72800
 353 1.23200  1.73600
 354 1.23400  1.75500
 355 1.24000  1.71200
 356 1.23400  1.76400
 357 1.25300  1.69700
 358 1.27100  1.71600
 359 1.25100  1.70700
 360 1.25900  1.76500
 361 1.25700  1.72600
 362 1.26400  1.68100
 363 1.26700  1.68000
 364 1.26500  1.70100
 365 1.26800  1.67700
 366 1.27300  1.70200
 367 1.27500  1.71500
 368 1.27400  1.71800
 369 1.28200  1.78900
 370 1.28700  1.64800
 371 1.28700  1.68300
 372 1.29300  1.65700
 373 1.30300  1.70100
 374 1.29500  1.72100
 375 1.29800  1.73600
 376 1.30300  1.76300
 377 1.30900  1.72400
 378 1.30700  1.68300
 379 1.31200  1.72300
 380 1.31200  1.67700
 381 1.31900  1.72800
 382 1.31900  1.70100
 383 1.32100  1.73200
 384 1.32700  1.69500
 385 1.32500  1.71100
 386 1.33500  1.69200
 387 1.33400  1.74900
 388 1.34400  1.72400
 389 1.35200  1.73600
 390 1.35200  1.77000
 391 1.51100  1.82600
 392 1.49600  2.07900
 393 1.35500  1.73300
 394 1.35900  1.70500
 395 1.35400  1.88800
 396 1.55100  1.72500
 397 1.45100  1.79800
 398 1.39100  1.69300
 399 1.40100  1.68300
 400 1.37100  1.70400
 401 1.43500  1.90900
 402 1.51200  1.72700
 403 1.40900  1.77700
 404 1.40500  1.71700
 405 1.40000  1.75800
 406 1.45000  1.74900
 407 1.39600  1.68000
 408 1.40200  1.73200
 409 1.40100  1.66400
 410 1.40000  1.68500
 411 1.40500  1.71500
 412 1.41200  1.69600
 413 1.41300  1.69600
 414 1.41700  1.71200
 415 1.42200  1.68600
 416 1.42300  1.75700
 417 1.42200  1.71100
 418 1.42800  1.75100
 419 1.43300  1.76600
 420 1.43100  1.71500
 421 1.43800  1.73700
 422 1.43800  1.73300
 423 1.43700  1.67700
 424 1.44900  1.68200
 425 1.44800  1.72300
 426 1.45500  1.68200
 427 1.45000  1.72000
 428 1.45500  1.73200
 429 1.46500  1.73900
 430 1.46700  1.68900
 431 1.46500  1.73000
 432 1.47500  1.73800
 433 1.47600  1.72700
 434 1.48200  1.67400
 435 1.48400  1.69200
 436 1.47800  1.74800
 437 1.48400  1.69800
 438 1.48700  1.72800
 439 1.49300  1.72600
 440 1.49700  1.69800
 441 1.49800  1.77100
 442 1.49800  1.70600
 443 1.50700  1.75400
 444 1.50700  1.74800
 445 1.49700  1.70100
 446 1.49200  1.71700
 447 1.49700  1.73500
 448 1.51200  1.71300
 449 1.52100  1.69600
 450 1.52900  1.73400
 451 1.52800  1.72800
 452 1.53800  1.71500
 453 1.53000  1.72200
 454 1.54000  1.70100
 455 1.53800  1.72300
 456 1.54500  1.73000
 457 1.54100  1.68800
 458 1.55700  1.74400
 459 1.55100  1.72800
 460 1.55600  1.76400
 461 1.56100  1.74000
 462 1.56900  1.74800
 463 1.57100  1.72400
 464 1.57400  1.70600
 465 1.57400  1.74300
 466 1.58000  1.71100
 467 1.57800  1.74000
 468 1.58000  1.70800
 469 1.58600  1.69400
 470 1.59000  1.73000
 471 1.59700  1.77500
 472 1.59800  1.72600
 473 1.58800  1.71100
 474 1.59600  1.66900
 475 1.60400  1.69600
 476 1.60200  1.75800
 477 1.61100  1.66100
 478 1.61300  1.69100
 479 1.61500  1.66600
 480 1.62100  1.73600
 481 1.62200  1.64300
 482 1.61800  1.68000
 483 1.63500  1.63800
 484 1.63300  1.72300
 485 1.63500  1.73900
 486 1.63400  1.74900
 487 1.63900  1.69500
 488 1.64800  1.69500
 489 1.65100  1.76800
 490 1.62900  1.75700
 491 1.65200  1.73500
 492 1.65400  1.76900
 493 1.65400  1.70000
 494 1.66400  1.72300
 495 1.66400  1.67500
 496 1.68100  1.70600
 497 1.66800  1.76600
 498 1.67600  1.73600
 499 1.67700  1.70500
 500 1.68100  1.72500
 501 1.69000  1.73000
 502 1.69200  1.74700
 503 1.69700  1.66700
 504 1.68500  1.78000
 505 1.69900  1.69700
 506 1.70100  1.65800
 507 1.70300  1.69800
 508 1.71400  1.72200
 509 1.71400  1.69300
 510 1.71900  1.77900
 511 1.71600  1.72500
 512 1.72400  1.74400
 513 1.72800  1.72600
 514 1.72500  1.61300
 515 1.72900  1.69100
 516 1.73300  1.71400
 517 1.74900  1.77600
 518 1.74800  1.73300
 519 1.74500  1.73800
 520 1.75500  1.74900
 521 1.74400  1.68700
 522 1.74800  1.73500
 523 1.76800  2.01600
 524 1.78500  1.71600
 525 1.76200  1.69000
 526 1.77600  1.70400
 527 1.76600  1.78900
 528 1.89100  1.72600
 529 1.79300  1.71500
 530 1.82900  1.70200
 531 1.78800  1.67900
 532 1.81900  1.69900
 533 1.79000  1.80100
 534 1.80400  1.77300
 535 1.81100  1.68600
 536 1.96900  1.67900
 537 1.80100  1.71900
 538 1.80600  1.68200
 539 1.80600  1.71200
 540 1.88100  1.82400
 541 1.81900  1.74000
 542 1.84000  1.72700
 543 1.84200  1.69800
 544 1.84700  1.81100
 545 1.82200  1.71300
 546 1.82400  1.69400
 547 1.94900  1.69600
 548 1.85200  1.88000
 549 1.85400  1.72100
 550 1.84600  1.71000
 551 1.82600  1.73200
 552 1.93800  1.72500
 553 1.81200  1.71900
 554 1.86700  1.74600
 555 1.90300  1.74000
 556 1.85300  1.73700
 557 1.93800  1.76900
 558 1.85100  1.72900
 559 1.87000  1.73900
 560 1.87100  1.71000
 561 2.01600  1.69900
 562 1.87600  1.71200
 563 1.87800  1.75000
 564 1.90500  1.76000
 565 2.02400  1.72200
 566 1.88200  1.70400
 567 1.88700  1.75700
 568 1.89500  1.73900
 569 1.95100  1.72400
 570 1.90800  1.69500
 571 1.90100  1.76200
 572 1.91900  1.70900
 573 1.91900  1.69600
 574 1.93400  1.70800
 575 1.94000  1.73600
 576 1.92700  1.70400
 577 1.94300  1.69800
 578 1.97200  1.72300
 579 1.95200  1.74600
 580 1.94800  1.74000
 581 1.95700  1.68700
 582 1.99200  1.71100
 583 1.96100  1.64900
 584 1.96700  1.71500
 585 1.96300  1.67600
 586 2.09300  1.70400
 587 1.95500  1.72700
 588 1.97000  1.73300
 589 1.98000  1.68400
 590 2.12500  1.71900
 591 1.98400  1.69900
 592 1.97800  1.73100
 593 2.00700  1.79000
 594 2.03100  1.68300
 595 1.99100  1.70900
 596 2.07600  1.75200
 597 1.98600  1.73600
 598 2.29800  1.72700
 599 2.01200  1.72600
 600 2.01200  1.74400
 601 1.99100  1.74900
 602 2.12700  1.76000
 603 2.02700  1.67300
 604 2.00300  1.72000
 605 2.01000  1.77000
 606 2.07500  1.67600
 607 2.05400  1.71600
 608 2.06000  1.75000
 609 2.03200  1.70900
 610 2.08400  1.75800
 611 2.03300  1.74000
 612 2.03900  1.69000
 613 2.07200  1.68400
 614 2.08100  1.73100
 615 2.05100  1.70200
 616 2.06100  1.73800
 617 2.05400  1.77400
 618 2.11000  1.63300
 619 2.06200  1.70400
 620 2.08700  1.74100
 621 2.07100  1.70300
 622 2.10800  1.68400
 623 2.06200  1.72400
 624 2.08200  1.72100
 625 2.08200  1.79800
 626 2.09400  1.74700
 627 2.08800  1.70900
 628 2.07800  1.71300
 629 2.08000  1.76300
 630 2.10000  1.74900
 631 2.10900  1.69200
 632 2.12000  1.73400
 633 2.10600  1.72000
 634 2.11900  1.78500
 635 2.12100  1.73900
 636 2.11100  1.71800
 637 2.13300  1.81200
 638 2.12700  1.69500
 639 2.13600  1.73300
 640 2.14800  1.69200
 641 2.17200  1.77200
 642 2.15000  1.70600
 643 2.15400  1.66700
 644 2.15700  1.72700
 645 2.21200  1.70500
 646 2.15700  1.72900
 647 2.16300  1.68000
 648 2.17400  1.76000
 649 2.21500  1.69300
 650 2.14900  1.68200
 651 2.06200  1.71700
 652 2.18700  1.68300
 653 2.22600  1.72300
 654 2.18100  1.78600
 655 2.19800  1.77800
 656 2.18800  1.82000
 657 2.20400  1.74100
 658 2.19200  1.70300
 659 2.20200  1.75100
 660 2.21600  1.77300
 661 2.21900  1.70600
 662 2.21900  1.69300
 663 2.22000  1.71700
 664 2.24200  1.76900
 665 2.25400  1.75200
 666 2.23300  1.67700
 667 2.24500  1.77400
 668 2.26300  1.76800
 669 2.25800  1.69100
 670 2.25100  1.73200
 671 2.24200  1.74200
 672 2.29300  1.78200
 673 2.24200  1.72200
 674 2.24500  1.68900
 675 2.26300  1.70900
 676 2.24700  1.70000
 677 2.26000  1.75900
 678 2.26300  1.76000
 679 2.26300  1.79700
 680 2.27800  1.76600
 681 2.26700  1.70000
 682 2.27200  1.71800
 683 2.26900  1.73000
 684 2.27500  1.71100
 685 2.27600  1.71400
 686 2.28500  1.69600
 687 2.28100  1.70400
 688 2.28200  1.70500
 689 2.30900  1.73300
 690 2.28800  1.69800
 691 2.30200  1.70800
 692 2.29700  1.74700
 693 2.30400  1.71500
 694 2.30300  1.70400
 695 2.30500  1.76400
 696 2.35800  1.74900
 697 2.32300  1.70600
 698 2.32100  1.73000
 699 2.35800  1.68500
 700 2.33900  1.77900
 701 2.34600  1.71300
 702 2.34700  1.68800
 703 2.34400  1.66600
 704 2.33700  1.73200
 705 2.34400  1.69000
 706 2.41900  1.74900
 707 2.33900  1.71500
 708 2.36200  1.71500
 709 2.36900  1.73600
 710 2.37600  1.70400
 711 2.37100  1.76300
 712 2.37100  1.75900
 713 2.37400  1.71800
 714 2.38000  1.68300
 715 2.38300  1.70800
 716 2.37600  1.75900
 717 2.43900  1.68500
 718 2.38700  1.70200
 719 2.39200  1.71600
 720 2.39000  1.78200
 721 2.39900  1.72400
 722 2.41000  1.70400
 723 2.41100  1.70500
 724 2.44000  1.76000
 725 2.40800  1.68900
 726 2.41400  1.72700
 727 2.42100  1.68900
 728 2.75200  1.85600
 729 2.42700  1.71800
 730 2.42500  1.71500
 731 2.43200  1.96400
 732 2.43600  1.68100
 733 2.43800  1.74900
 734 2.43700  1.70600
 735 2.49700  1.71000
 736 2.43800  1.71900
 737 2.47000  1.73200
 738 2.45200  1.78300
 739 2.46500  1.79700
 740 2.46800  1.72200
 741 2.46300  1.74300
 742 2.50900  1.74000
 743 2.46000  1.69500
 744 2.46900  1.70200
 745 2.46300  1.77500
 746 2.48000  1.72700
 747 2.49000  1.71000
 748 2.49000  1.77200
 749 2.51700  1.69100
 750 2.48200  1.79300
 751 2.48300  1.73000
 752 2.49600  1.73300
 753 2.49900  1.70900
 754 2.49400  1.71000
 755 2.55300  1.68400
 756 2.50300  1.76000
 757 2.55600  1.74400
 758 2.52300  1.74800
 759 2.51000  1.75400
 760 2.54300  1.71100
 761 2.53800  1.73100
 762 2.54000  1.73400
 763 2.51900  1.72400
 764 2.53400  1.66000
 765 2.53000  1.69900
 766 2.59200  1.74100
 767 2.53700  1.71700
 768 2.53900  1.70400
 769 2.55500  1.71000
 770 2.54900  1.71700
 771 2.54600  1.69000
 772 2.54900  1.69700
 773 2.56300  1.71500
 774 2.57200  1.78300
 775 2.57300  1.70200
 776 2.56200  1.73600
 777 2.56600  1.73300
 778 2.56700  1.70800
 779 2.60000  1.68900
 780 2.56900  1.70500
 781 2.58000  1.71900
 782 2.60300  1.71200
 783 2.57300  1.69200
 784 2.57000  1.73700
 785 2.56900  1.70700
 786 2.58400  1.72700
 787 2.58200  1.74000
 788 2.59000  1.66800
 789 2.58500  1.68900
 790 2.60700  1.69800
 791 2.64500  1.68300
 792 2.61600  1.73700
 793 2.60900  1.72700
 794 2.60600  1.69800
 795 2.61200  1.76000
 796 2.60300  1.72500
 797 2.61200  1.73000
 798 2.62200  1.77300
 799 2.61500  1.71000
 800 2.61800  1.79400
 801 2.64200  1.69000
 802 2.63100  1.71400
 803 2.62800  1.68500
 804 2.63700  1.72600
 805 2.63900  1.71300
 806 2.63300  1.73400
 807 2.65900  1.69000
 808 2.64500  1.74600
 809 2.66400  1.75000
 810 2.66600  1.75200
 811 2.67200  1.73200
 812 2.66500  1.75000
 813 2.66600  1.70900
 814 2.67600  1.72400
 815 2.66800  1.70700
 816 2.67200  1.74500
 817 2.67100  1.70200
 818 2.68100  1.72100
 819 2.67500  1.64600
 820 2.69800  1.67900
 821 2.68500  1.71700
 822 2.69300  1.70400
 823 2.70900  1.76800
 824 2.69800  1.76200
 825 2.74100  1.74700
 826 2.71100  1.76100
 827 2.70500  1.76500
 828 2.70700  1.73900
 829 2.71500  1.75000
 830 2.70900  1.70100
 831 2.72400  1.72600
 832 2.71900  1.72000
 833 2.72200  1.78200
 834 2.72600  1.68500
 835 2.72500  1.72200
 836 2.72900  1.72900
 837 2.73400  1.71100
 838 2.73800  1.71500
 839 2.74100  1.71400
 840 2.74300  1.69700
 841 2.75100  1.65500
 842 2.74200  1.75900
 843 2.75400  1.72300
 844 2.76800  1.73500
 845 2.75500  1.69100
 846 2.75900  1.67300
 847 2.76900  1.64900
 848 2.76800  1.76800
 849 2.76500  1.78000
 850 2.77000  1.71000
 851 2.77900  1.75200
 852 2.77200  1.73000
 853 2.77700  1.76200
 854 2.79200  1.73700
 855 2.78500  1.73600
 856 2.79700  1.75100
 857 2.79300  1.68700
 858 2.79600  1.69800
 859 2.79800  1.71400
 860 2.80200  1.74600
 861 2.80900  1.71800
 862 2.80800  1.91200
 863 2.92300  1.76500
 864 2.83700  1.68100
 865 2.84500  1.81000
 866 3.02500  1.74400
 867 2.84400  1.77600
 868 2.85000  1.72600
 869 2.91500  1.70600
 870 2.84000  1.71600
 871 2.87100  1.70100
 872 2.84000  1.70900
 873 2.85800  1.75100
 874 2.87300  1.68900
 875 2.89400  1.69700
 876 2.88100  1.77600
 877 2.86400  1.73200
 878 2.86000  1.67000
 879 2.86100  1.70500
 880 2.86500  1.72500
 881 2.86700  1.71100
 882 2.86900  1.72600
 883 2.89900  1.78900
 884 2.88100  1.69200
 885 2.88600  1.74300
 886 2.88800  1.67500
 887 2.88400  1.72900
 888 2.89100  1.70200
 889 2.89600  1.71300
 890 2.89500  1.71600
 891 2.89900  1.69700
 892 2.90800  1.71000
 893 2.90900  1.69500
 894 2.90800  1.72500
 895 2.90600  1.72600
 896 2.91600  1.75200
 897 2.92200  1.71500
 898 2.92600  1.70400
 899 2.93200  1.67600
 900 2.93000  1.70900
 901 2.92700  1.69900
 902 2.93600  1.69600
 903 2.94300  1.76400
 904 2.94000  1.70400
 905 2.94500  1.69800
 906 2.97000  1.75400
 907 2.95000  1.71300
 908 2.94600  1.72000
 909 2.96000  1.71500
 910 2.96300  1.75200
 911 2.96400  1.71700
 912 2.97900  1.74300
 913 2.97200  1.71800
 914 2.97300  1.77600
 915 2.98700  1.70300
 916 2.98000  1.70300
 917 2.98600  1.76800
 918 2.98800  1.77800
 919 2.99400  1.74800
 920 3.00000  1.70300
 921 2.99700  1.69300
 922 2.99600  1.68600
 923 3.00000  1.71700
 924 3.00900  1.76600
 925 3.00600  1.70900
 926 3.01700  1.70400
 927 3.40800  1.85700
 928 3.05600  1.71400
 929 3.04400  1.69900
 930 3.02800  1.70200
 931 3.02400  1.77300
 932 3.03700  1.73500
 933 3.03200  1.72000
 934 3.03700  1.73900
 935 3.04100  1.84800
 936 3.22800  1.75800
 937 3.07900  1.80200
 938 3.09600  1.71300
 939 3.07400  1.72600
 940 3.10400  1.74600
 941 3.05700  1.76500
 942 3.10700  1.72500
 943 3.08900  1.74400
 944 3.08900  1.72300
 945 3.07800  1.75000
 946 3.07500  1.73700
 947 3.07500  1.75900
 948 3.07900  1.70600
 949 3.08500  1.73000
 950 3.09200  1.66600
 951 3.09300  1.73900
 952 3.06900  1.73400
 953 3.10100  1.74300
 954 3.09900  1.74500
 955 3.09800  1.77700
 956 3.12600  1.73800
 957 3.10600  1.75800
 958 3.12100  1.71500
 959 3.11900  1.75400
 960 3.12400  1.74900
 961 3.11600  1.76400
 962 3.12400  1.75100
 963 3.12500  1.71500
 964 3.12900  1.74100
 965 3.16600  1.75200
 966 3.14000  1.71500
 967 3.16600  1.76400
 968 3.14300  1.66400
 969 3.17200  1.74000
 970 3.14700  1.69600
 971 3.27900  2.14700
 972 3.27500  1.78500
 973 3.16300  1.70600
 974 3.27600  1.75000
 975 3.17400  1.74200
 976 3.18000  1.68600
 977 3.20200  1.65700
 978 3.18000  1.77500
 979 3.15100  1.76800
 980 3.18800  1.75300
 981 3.17800  1.73800
 982 3.18700  1.75100
 983 3.19000  1.70000
 984 3.20100  1.71700
 985 3.19300  1.71100
 986 3.20800  1.73600
 987 3.19700  1.73500
 988 3.20100  1.75400
 989 3.21500  1.75700
 990 3.21100  1.72000
 991 3.23600  1.76900
 992 3.24000  1.71700
 993 3.22800  1.75000
 994 3.22100  1.71600
 995 3.23200  1.67600
 996 3.23000  1.69100
 997 3.23300  1.73600
 998 3.23900  1.65600
 999 3.26000  1.76900
 1000 3.25100  1.71200
 1001 3.31200  1.73200
 1002 3.30800  1.74300
 1003 3.30600  1.70000
 1004 3.29600  1.70000
 1005 3.34900  1.73900
 1006 3.28800  1.74700
 1007 3.30700  1.64900
 1008 3.28900  1.69500
 1009 3.27800  1.71200
 1010 3.28400  1.73900
 1011 3.27900  1.72000
 1012 3.26000  1.69600
 1013 3.26700  1.66800
 1014 3.26200  1.72300
 1015 3.25300  1.68300
 1016 3.25100  1.70900
 1017 3.25200  1.72100
 1018 3.25300  1.74200
 1019 3.24400  1.69100
 1020 3.25000  1.77200
 1021 3.22800  1.74000
 1022 3.22200  1.72400
 1023 3.21200  1.77700
 1024 3.22100  1.71000
 1025 3.20900  1.72500
 1026 3.21100  1.74700
 1027 3.20800  1.73200
 1028 3.20300  1.69900
 1029 3.19700  1.65700
 1030 3.20300  1.70700
 1031 3.19200  1.74200
 1032 3.19100  1.75100
 1033 3.18600  1.69400
 1034 3.17900  1.75100
 1035 3.17100  1.72700
 1036 3.16700  1.75600
 1037 3.16300  1.74000
 1038 3.16400  1.71500
 1039 3.17000  1.72400
 1040 3.16700  1.71300
 1041 3.15800  1.76300
 1042 3.16700  1.69600
 1043 3.15500  1.73200
 1044 3.15900  1.71200
 1045 3.14900  1.69600
 1046 3.15400  1.74500
 1047 3.14500  1.71600
 1048 3.14300  1.71600
 1049 3.13900  1.71600
 1050 3.14200  1.73600
 1051 3.12800  1.67500
 1052 3.12400  1.66800
 1053 3.12100  1.72300
 1054 3.12300  1.71700
 1055 3.11100  1.69900
 1056 3.11500  1.73100
 1057 3.16700  1.73900
 1058 3.12700  1.76300
 1059 3.11700  1.75200
 1060 3.12600  1.76300
 1061 3.09600  1.71900
 1062 3.12100  1.64500
 1063 3.08400  1.71600
 1064 3.08400  1.71900
 1065 3.08800  1.74200
 1066 3.09400  1.73700
 1067 3.07800  1.71700
 1068 3.07700  1.75400
 1069 3.07700  1.67700
 1070 3.06800  1.73500
 1071 3.05900  1.71300
 1072 3.07300  1.70100
 1073 3.06100  1.73500
 1074 3.06100  1.68500
 1075 3.05400  1.75300
 1076 3.05000  1.75600
 1077 3.05300  1.76700
 1078 3.04500  1.72200
 1079 3.03700  1.69600
 1080 3.03700  1.74800
 1081 3.03700  1.70300
 1082 3.03000  1.73200
 1083 3.02800  1.74600
 1084 3.02700  1.69800
 1085 3.02200  1.71400
 1086 3.02400  1.76100
 1087 3.01300  1.73600
 1088 3.01100  1.70600
 1089 3.00600  1.73200
 1090 3.01000  1.69000
 1091 2.99700  1.71900
 1092 2.99600  1.69100
 1093 2.99500  1.69400
 1094 2.99300  1.67500
 1095 2.99100  1.76300
 1096 2.98200  1.78500
 1097 2.98200  1.73900
 1098 2.97500  1.73200
 1099 2.97900  1.71700
 1100 2.97000  1.68300
 1101 2.96800  1.66600
 1102 2.96500  1.66500
 1103 2.96200  1.76300
 1104 2.96700  1.65500
 1105 2.96100  1.70000
 1106 2.96500  1.73800
 1107 2.95400  1.70200
 1108 2.97100  1.73000
 1109 2.95000  1.73900
 1110 2.94700  1.70000
 1111 2.94800  1.70700
 1112 2.94400  1.75600
 1113 2.94000  1.75500
 1114 2.93000  1.70700
 1115 2.92900  1.70100
 1116 2.93000  1.69300
 1117 2.94100  1.71800
 1118 2.92500  1.69700
 1119 2.92100  1.70900
 1120 2.96800  1.77300
 1121 2.91400  1.69400
 1122 2.91800  1.70800
 1123 2.94900  1.71200
 1124 2.90300  1.70400
 1125 2.89100  1.75500
 1126 2.89700  1.93700
 1127 3.16900  1.72300
 1128 2.89000  1.74900
 1129 2.90900  1.73800
 1130 3.04900  1.76600
 1131 2.90000  1.78400
 1132 2.87800  1.73300
 1133 2.92200  1.68900
 1134 2.87500  1.71000
 1135 2.90600  1.75000
 1136 2.90500  1.73100
 1137 2.88100  1.65500
 1138 2.86300  1.75500
 1139 2.85200  1.76200
 1140 2.85100  1.76000
 1141 2.84000  1.72400
 1142 2.69500  1.76100
 1143 2.88400  1.72500
 1144 2.82700  1.72100
 1145 2.81600  1.71600
 1146 2.89500  1.72800
 1147 2.86200  1.73900
 1148 2.82400  1.73500
 1149 2.80800  1.74200
 1150 2.81000  1.74800
 1151 2.80800  1.75400
 1152 2.81200  1.69900
 1153 2.79900  1.71600
 1154 2.80600  1.75200
 1155 2.79000  1.73800
 1156 2.80000  1.79700
 1157 2.78600  1.74800
 1158 2.80600  1.72800
 1159 2.78900  1.73300
 1160 2.77600  1.66800
 1161 2.77100  1.72100
 1162 2.77500  1.69400
 1163 2.77000  1.66900
 1164 2.76300  1.73300
 1165 2.76100  1.72300
 1166 2.76100  1.68600
 1167 2.75700  1.67700
 1168 2.75500  1.66100
 1169 2.74500  1.74200
 1170 2.73700  1.70400
 1171 2.72900  1.71600
 1172 2.73800  1.70900
 1173 2.74900  1.71000
 1174 2.73900  1.71100
 1175 2.74000  1.74100
 1176 2.73000  1.75600
 1177 2.72800  1.71900
 1178 2.72800  1.73400
 1179 2.72200  1.66200
 1180 2.73900  1.73600
 1181 2.70800  1.69300
 1182 2.70900  1.71900
 1183 2.71100  1.68300
 1184 2.71000  1.73100
 1185 2.69900  1.70600
 1186 2.69700  1.69400
 1187 2.69400  1.69300
 1188 2.69300  1.71200
 1189 2.68900  1.74800
 1190 2.68600  1.70600
 1191 2.67800  1.77700
 1192 2.67900  1.70000
 1193 2.68000  1.67600
 1194 2.67700  1.68000
 1195 2.67000  1.75600
 1196 2.66700  1.70000
 1197 2.65500  1.72300
 1198 2.66100  1.73600
 1199 2.65800  1.72600
 1200 2.66900  1.75800
 1201 2.64900  1.79700
 1202 2.64900  1.70500
 1203 2.65600  1.71100
 1204 2.63900  1.73100
 1205 2.64100  1.72400
 1206 2.64900  1.70700
 1207 2.66700  1.74800
 1208 2.64800  1.70600
 1209 2.65800  1.71200
 1210 2.64700  1.75300
 1211 2.63900  1.76300
 1212 2.63900  1.70500
 1213 2.63500  1.74400
 1214 2.61900  1.74900
 1215 2.63100  1.72700
 1216 2.62700  1.70200
 1217 2.62100  1.65700
 1218 2.61400  1.70300
 1219 2.61600  1.71800
 1220 2.60800  1.67000
 1221 2.60500  1.69000
 1222 2.60900  1.62500
 1223 2.57400  1.75900
 1224 2.62000  1.78200
 1225 2.59500  1.72200
 1226 2.59800  1.76800
 1227 2.58300  1.70700
 1228 2.60500  1.74600
 1229 2.57900  1.68700
 1230 2.60500  1.67200
 1231 2.57600  1.72800
 1232 2.60600  1.75100
 1233 2.56500  1.80200
 1234 2.56900  1.77800
 1235 2.56300  1.64100
 1236 2.56500  1.76100
 1237 2.56100  1.71900
 1238 2.55900  1.76400
 1239 2.55200  1.69200
 1240 2.54700  1.71900
 1241 2.54700  1.72800
 1242 2.54100  1.66000
 1243 2.54100  1.68300
 1244 2.54200  1.72500
 1245 2.53600  1.71600
 1246 2.56000  1.68300
 1247 2.52800  1.72500
 1248 2.52900  1.69200
 1249 2.52200  1.73700
 1250 2.52200  1.71000
 1251 2.51000  1.73600
 1252 2.55100  1.71300
 1253 2.51700  1.72900
 1254 2.50300  1.70400
 1255 2.50900  1.72400
 1256 2.49900  1.73200
 1257 2.53700  1.75100
 1258 2.52200  1.70800
 1259 2.49900  1.72600
 1260 2.51000  1.67800
 1261 2.51300  1.69100
 1262 2.49200  1.73400
 1263 2.47700  1.70100
 1264 2.48100  1.73500
 1265 2.46800  1.73100
 1266 2.46800  1.74600
 1267 2.46500  1.71600
 1268 2.46600  1.69500
 1269 2.46200  1.71700
 1270 2.45600  1.72200
 1271 2.45800  1.71600
 1272 2.45600  1.71100
 1273 2.44300  1.69200
 1274 2.44700  1.71700
 1275 2.44500  1.70400
 1276 2.42900  1.73800
 1277 2.43100  1.74200
 1278 2.42800  1.72400
 1279 2.42400  1.68600
 1280 2.42400  1.75800
 1281 2.42700  1.75300
 1282 2.41300  1.76300
 1283 2.41700  1.70900
 1284 2.41300  1.69900
 1285 2.40700  1.70200
 1286 2.40400  1.73500
 1287 2.40400  1.73800
 1288 2.40100  1.74300
 1289 2.40300  1.67500
 1290 2.39600  1.70500
 1291 2.38500  1.78200
 1292 2.38500  1.67900
 1293 2.38100  1.67700
 1294 2.38200  1.74100
 1295 2.37500  1.74700
 1296 2.37100  1.67800
 1297 2.36200  1.70800
 1298 2.37400  1.71100
 1299 2.35900  1.74600
 1300 2.36000  1.80900
 1301 2.34000  1.74800
 1302 2.33200  1.70500
 1303 2.39000  1.75000
 1304 2.34900  1.71400
 1305 2.34600  1.71600
 1306 2.32600  1.72400
 1307 2.33800  1.64800
 1308 2.32600  1.70200
 1309 2.33400  1.68100
 1310 2.31700  1.69600
 1311 2.31800  1.66000
 1312 2.34100  1.68400
 1313 2.31200  1.74500
 1314 2.32000  1.70500
 1315 2.31500  1.71800
 1316 2.30700  1.73300
 1317 2.30300  1.65700
 1318 2.31100  1.70400
 1319 2.29200  1.71500
 1320 2.29700  1.78800
 1321 2.29900  1.76200
 1322 2.30900  1.71700
 1323 2.28300  1.65500
 1324 2.28700  1.72400
 1325 2.28500  1.67200
 1326 2.28100  1.67400
 1327 2.27500  1.75100
 1328 2.27100  1.72600
 1329 2.26900  1.73700
 1330 2.27200  1.71000
 1331 2.25600  1.69400
 1332 2.26300  1.75500
 1333 2.25900  1.70900
 1334 2.25400  1.73400
 1335 2.26600  1.71300
 1336 2.24200  1.74100
 1337 2.24100  1.72700
 1338 2.23200  1.76000
 1339 2.24600  1.66200
 1340 2.28800  1.76700
 1341 2.26100  1.74500
 1342 2.25400  1.74400
 1343 2.25400  1.70900
 1344 2.22300  1.72500
 1345 2.23800  1.73600
 1346 2.31900  1.73500
 1347 2.22400  1.71600
 1348 2.20100  1.72300
 1349 2.19800  1.68200
 1350 2.19400  1.71500
 1351 2.19400  1.66100
 1352 2.18500  1.70800
 1353 2.24500  1.75700
 1354 2.17600  1.70400
 1355 2.21300  1.69600
 1356 2.17100  1.66000
 1357 2.17200  1.70700
 1358 2.16700  1.69100
 1359 2.16300  1.72100
 1360 2.16500  1.68700
 1361 2.15400  1.75900
 1362 2.15500  1.69700
 1363 2.15700  1.68400
 1364 2.15400  1.73700
 1365 2.14500  1.74300
 1366 2.14700  1.72100
 1367 2.13900  1.72600
 1368 2.13400  1.74800
 1369 2.13300  1.75800
 1370 2.12900  1.71900
 1371 2.13100  1.70200
 1372 2.15300  1.71300
 1373 2.11300  1.72100
 1374 2.11200  1.68900
 1375 2.10900  1.76700
 1376 2.11200  1.66800
 1377 2.11300  1.75900
 1378 2.10300  1.71300
 1379 2.10000  1.79700
 1380 2.09500  1.73800
 1381 2.08700  1.71800
 1382 2.09500  1.72200
 1383 2.09100  1.74000
 1384 2.08300  1.76200
 1385 2.08100  1.75500
 1386 2.08300  1.69500
 1387 2.07700  1.71600
 1388 2.10300  1.73200
 1389 2.07000  1.68600
 1390 2.07400  1.67900
 1391 2.06900  1.66900
 1392 2.05900  1.74000
 1393 2.05700  1.68100
 1394 2.05500  1.69000
 1395 2.06300  1.73900
 1396 2.06200  1.71100
 1397 2.04500  1.69500
 1398 2.05200  1.71600
 1399 2.03900  1.73800
 1400 2.03500  1.68400
 1401 2.03400  1.76600
 1402 2.03300  1.70000
 1403 2.02400  1.74000
 1404 2.01900  1.70400
 1405 2.01600  1.69600
 1406 2.01500  1.73300
 1407 2.01300  1.72600
 1408 2.01400  1.67600
 1409 2.00500  1.74800
 1410 2.00300  1.72200
 1411 2.00300  1.70800
 1412 1.98500  1.69000
 1413 1.98600  1.75100
 1414 1.97400  1.73500
 1415 1.97900  1.74900
 1416 1.98200  1.79700
 1417 1.96800  1.73800
 1418 1.95400  1.68300
 1419 1.95800  1.76100
 1420 1.97100  1.74200
 1421 1.95500  1.71200
 1422 1.95200  1.79700
 1423 1.95700  1.73700
 1424 1.94800  1.71200
 1425 1.95000  1.71200
 1426 1.94200  1.70300
 1427 1.96300  1.77500
 1428 1.94200  1.67200
 1429 1.93100  1.70300
 1430 1.92900  1.72200
 1431 1.92600  1.73800
 1432 1.92700  1.70200
 1433 1.92500  1.75200
 1434 1.92000  1.75900
 1435 1.91700  1.71500
 1436 1.91400  1.73500
 1437 1.90700  1.70700
 1438 1.90700  1.70400
 1439 1.89900  1.71600
 1440 1.90000  1.69100
 1441 1.89400  1.71600
 1442 1.89200  1.75000
 1443 1.88800  1.68900
 1444 1.89600  1.76700
 1445 1.88300  1.69000
 1446 1.88300  1.73600
 1447 1.87100  1.67000
 1448 1.88100  1.68700
 1449 1.86900  1.72800
 1450 1.86900  1.71600
 1451 1.87000  1.66300
 1452 1.86400  1.74500
 1453 1.87000  1.72600
 1454 1.85700  1.65900
 1455 1.83300  1.74000
 1456 1.84500  1.72800
 1457 1.84500  1.70700
 1458 1.83400  1.72200
 1459 1.83300  1.72500
 1460 1.82800  1.71100
 1461 1.84500  1.77300
 1462 1.83500  1.79100
 1463 1.83000  1.74800
 1464 1.82300  1.69700
 1465 1.81800  1.70400
 1466 1.81600  1.75100
 1467 1.81700  1.71800
 1468 1.81000  1.70100
 1469 1.81300  1.73000
 1470 1.79900  1.67400
 1471 1.80100  1.75700
 1472 1.80300  1.70800
 1473 1.80500  1.58200
 1474 1.78700  1.74300
 1475 1.78700  1.64100
 1476 1.78200  1.70100
 1477 1.78500  1.72100
 1478 1.77600  1.72000
 1479 1.77200  1.71700
 1480 1.77400  1.79000
 1481 1.77500  1.79200
 1482 1.76600  1.71000
 1483 1.76800  1.64700
 1484 1.76100  1.76700
 1485 1.75500  1.73000
 1486 1.78700  1.74300
 1487 1.74700  1.69900
 1488 1.74400  1.73400
 1489 1.74500  1.70600
 1490 1.74000  1.78000
 1491 1.73900  1.66900
 1492 1.74100  1.78700
 1493 1.75000  1.69800
 1494 1.72800  1.69900
 1495 1.73200  1.68000
 1496 1.71600  1.70000
 1497 1.73400  1.69500
 1498 1.71700  1.70000
 1499 1.71000  1.76900
 1500 1.71300  1.76300
 1501 1.70900  1.75300
 1502 1.70600  1.69000
 1503 1.70300  1.73500
 1504 1.69600  1.71900
 1505 1.69600  1.75700
 1506 1.69000  1.68900
 1507 1.72600  1.72200
 1508 1.69200  1.71700
 1509 1.68400  1.72700
 1510 1.71000  1.71000
 1511 1.69000  1.77400
 1512 1.67200  1.73600
 1513 1.68200  1.70500
 1514 1.70400  1.65100
 1515 1.66500  1.71700
 1516 1.74700  1.69400
 1517 1.66000  1.70300
 1518 1.65900  1.69600
 1519 1.64900  1.73200
 1520 1.62600  1.68700
 1521 1.64500  1.71100
 1522 1.64900  1.75300
 1523 1.63700  1.73400
 1524 1.64000  1.71500
 1525 1.62900  1.77400
 1526 1.63100  1.75600
 1527 1.63200  1.72000
 1528 1.62700  1.66600
 1529 1.62300  1.69600
 1530 1.64800  1.72500
 1531 1.61900  1.74900
 1532 1.62200  1.68500
 1533 1.61800  1.66200
 1534 1.60300  1.74400
 1535 1.60500  1.66400
 1536 1.60200  1.72100
 1537 1.59800  1.72100
 1538 1.59000  1.69700
 1539 1.59000  1.69400
 1540 1.58400  1.66400
 1541 1.58400  1.73600
 1542 1.60500  1.65300
 1543 1.58000  1.77900
 1544 1.57400  1.70000
 1545 1.57000  1.71800
 1546 1.57400  1.65600
 1547 1.55900  1.67500
 1548 1.56200  1.72100
 1549 1.55000  1.67300
 1550 1.55000  1.69800
 1551 1.54400  1.68100
 1552 1.54700  1.73900
 1553 1.54300  1.67900
 1554 1.53800  1.71600
 1555 1.53700  1.73200
 1556 1.53800  1.69700
 1557 1.53000  1.73900
 1558 1.53100  1.69200
 1559 1.53000  1.77200
 1560 1.51900  1.68500
 1561 1.53300  1.73400
 1562 1.55400  1.66700
 1563 1.51000  1.72500
 1564 1.51400  1.70400
 1565 1.50700  1.73400
 1566 1.50000  1.77300
 1567 1.49400  1.74100
 1568 1.49600  1.72400
 1569 1.49400  1.70200
 1570 1.49200  1.76900
 1571 1.49500  1.66300
 1572 1.48800  1.66000
 1573 1.48600  1.68400
 1574 1.47900  1.72900
 1575 1.47100  1.69300
 1576 1.48200  1.76900
 1577 1.47000  1.67800
 1578 1.46600  1.73700
 1579 1.46700  1.66600
 1580 1.48600  1.72100
 1581 1.45200  1.71100
 1582 1.45100  1.67100
 1583 1.48600  1.76200
 1584 1.44200  1.73800
 1585 1.45100  1.68600
 1586 1.44100  1.73800
 1587 1.46300  1.81900
 1588 1.43800  1.78900
 1589 1.42800  1.71200
 1590 1.43700  1.70500
 1591 1.42400  1.74400
 1592 1.42400  1.73100
 1593 1.42100  1.72700
 1594 1.41700  1.69800
 1595 1.41600  1.72300
 1596 1.43400  1.70800
 1597 1.40200  1.67000
 1598 1.41000  1.71700
 1599 1.40300  1.75500
 1600 1.39300  1.75700
 1601 1.39300  1.72000
 1602 1.43300  1.71100
 1603 1.38700  1.74800
 1604 1.38800  1.70600
 1605 1.40000  1.67500
 1606 1.37800  1.71500
 1607 1.37800  1.71600
 1608 1.37200  1.69700
 1609 1.37000  1.82300
 1610 1.36200  1.66600
 1611 1.36900  1.70900
 1612 1.36100  1.70800
 1613 1.35400  1.73800
 1614 1.34900  1.75700
 1615 1.38400  1.72000
 1616 1.27700  1.64300
 1617 1.33200  1.74900
 1618 1.33300  1.71900
 1619 1.33700  1.76600
 1620 1.34000  1.76200
 1621 1.37100  1.73000
 1622 1.32900  1.66600
 1623 1.32400  1.67400
 1624 1.32500  1.65900
 1625 1.32400  1.74600
 1626 1.31300  1.68300
 1627 1.31600  1.72200
 1628 1.31000  1.76400
 1629 1.31000  1.70300
 1630 1.30100  1.76300
 1631 1.30000  1.72100
 1632 1.29600  1.73000
 1633 1.29300  1.68900
 1634 1.29900  1.73900
 1635 1.28700  1.73700
 1636 1.29100  1.71100
 1637 1.28200  1.77000
 1638 1.27700  1.69000
 1639 1.28900  1.69400
 1640 1.27600  1.75400
 1641 1.26800  1.76900
 1642 1.26900  1.72300
 1643 1.26100  1.69700
 1644 1.26600  1.74600
 1645 1.26300  1.71100
 1646 1.25500  1.61800
 1647 1.25100  1.68300
 1648 1.23100  1.72700
 1649 1.24700  1.70600
 1650 1.24100  1.72300
 1651 1.23600  1.73400
 1652 1.23300  1.72800
 1653 1.23400  1.73400
 1654 1.23200  1.70700
 1655 1.23100  1.69500
 1656 1.22000  1.64700
 1657 1.22300  1.74500
 1658 1.21400  1.69200
 1659 1.21300  1.70300
 1660 1.19800  1.73600
 1661 1.20600  1.69500
 1662 1.20700  1.72800
 1663 1.20200  1.72100
 1664 1.19800  1.69600
 1665 1.19400  1.73400
 1666 1.19500  1.67000
 1667 1.19200  1.69500
 1668 1.18000  1.73600
 1669 1.19400  1.73500
 1670 1.25500  1.69300
 1671 1.18200  1.71100
 1672 1.17700  1.72000
 1673 1.17700  1.73200
 1674 1.17700  1.72700
 1675 1.16600  1.73300
 1676 1.16500  1.72500
 1677 1.15700  1.71500
 1678 1.16100  1.72500
 1679 1.15500  1.71500
 1680 1.15900  1.74000
 1681 1.15300  1.72900
 1682 1.15200  1.68300
 1683 1.14800  1.73700
 1684 1.13400  1.67600
 1685 1.13600  1.77600
 1686 1.13200  1.73100
 1687 1.12400  1.72000
 1688 1.12800  1.73600
 1689 1.12100  1.73000
 1690 1.11800  1.72900
 1691 1.12000  1.70600
 1692 1.11000  1.73800
 1693 1.10800  1.68600
 1694 1.10400  1.68600
 1695 1.10200  1.69000
 1696 1.09100  1.74400
 1697 1.10100  1.75900
 1698 1.08800  1.69200
 1699 1.09200  1.66500
 1700 1.09300  1.71400
 1701 1.08100  1.69700
 1702 1.08700  1.70900
 1703 1.08000  1.72100
 1704 1.07600  1.73100
 1705 1.06800  1.69000
 1706 1.07700  1.74900
 1707 1.06700  1.75100
 1708 1.06500  1.71300
 1709 1.05700  1.73400
 1710 1.05800  1.72100
 1711 1.05500  1.73300
 1712 1.05100  1.68800
 1713 1.05100  1.73000
 1714 1.04200  1.67900
 1715 1.03800  1.70900
 1716 1.04000  1.70600
 1717 1.03900  1.68300
 1718 1.03700  1.71700
 1719 1.02800  1.68800
 1720 1.02600  1.72400
 1721 1.02100  1.73900
 1722 1.02600  1.67400
 1723 1.02100  1.72300
 1724 1.01800  1.74400
 1725 1.01100  1.69800
 1726 1.00300  1.68500
 1727 1.00400  1.79400
 1728 1.00000  1.67600
 1729 0.99500  1.74200
 1730 0.99700  1.72800
 1731 0.99100  1.69200
 1732 0.98600  1.66900
 1733 0.98200  1.70100
 1734 0.98300  1.74200
 1735 0.98200  1.68300
 1736 0.97500  1.74100
 1737 0.97400  1.74300
 1738 0.96700  1.66900
 1739 0.96500  1.68700
 1740 0.96100  1.78100
 1741 0.95600  1.66400
 1742 0.96000  1.71900
 1743 0.95400  1.71200
 1744 0.94900  1.67200
 1745 0.94800  1.72500
 1746 0.94600  1.73600
 1747 0.94000  1.75100
 1748 0.93500  1.74400
 1749 0.92900  1.64100
 1750 0.93300  1.72400
 1751 0.93200  1.71900
 1752 0.92400  1.73800
 1753 0.92600  1.71300
 1754 0.91700  1.71200
 1755 0.91600  1.73300
 1756 0.91200  1.66900
 1757 0.90200  1.69600
 1758 0.91000  1.69500
 1759 0.92200  1.75900
 1760 0.90400  1.69500
 1761 0.89700  1.73600
 1762 0.89600  1.72200
 1763 0.89200  1.67400
 1764 0.89000  1.75600
 1765 0.88400  1.72700
 1766 0.88200  1.76100
 1767 0.88100  1.71100
 1768 0.87600  1.72200
 1769 0.87000  1.69700
 1770 0.86900  1.74000
 1771 0.86800  1.74500
 1772 0.85800  1.73600
 1773 0.85900  1.67600
 1774 0.86600  1.71900
 1775 0.84700  1.65000
 1776 0.92100  1.73000
 1777 0.73600  1.70800
 1778 0.84000  1.66100
 1779 0.84500  1.78200
 1780 0.82300  1.70800
 1781 0.83600  1.71400
 1782 0.83300  1.82000
 1783 0.82700  1.67700
 1784 0.85100  1.67900
 1785 0.82100  1.71000
 1786 0.81500  1.70900
 1787 0.81900  1.75900
 1788 0.81400  1.69900
 1789 0.80800  1.70300
 1790 0.80600  1.67100
 1791 0.80800  1.74000
 1792 0.79800  1.70100
 1793 0.79500  1.70200
 1794 0.79500  1.69500
 1795 0.79500  1.70500
 1796 0.79100  1.69500
 1797 0.79200  1.72300
 1798 0.78100  1.68700
 1799 0.78600  1.67800
 1800 0.77700  1.71200
 1801 0.77400  1.72100
 1802 0.76800  1.74100
 1803 0.76800  1.71600
 1804 0.76600  1.72300
 1805 0.75800  1.73000
 1806 0.75900  1.70800
 1807 0.75300  1.71200
 1808 0.75300  1.65400
 1809 0.74100  1.68600
 1810 0.75000  1.70900
 1811 0.83700  1.78900
 1812 0.73900  1.74700
 1813 0.72300  1.71900
 1814 0.75100  1.74200
 1815 0.72800  1.72000
 1816 0.73600  1.73100
 1817 0.72700  1.75000
 1818 0.72000  1.74400
 1819 0.71800  1.67600
 1820 0.72200  1.73000
 1821 0.71600  1.72500
 1822 0.75000  1.70300
 1823 0.70900  1.76700
 1824 0.70500  1.70800
 1825 0.70100  1.70300
 1826 0.69800  1.71900
 1827 0.70600  1.73700
 1828 0.71400  1.68200
 1829 0.69300  1.69400
 1830 0.68600  1.74300
 1831 0.69500  1.74900
 1832 0.67700  1.67100
 1833 0.67800  1.68600
 1834 0.67400  1.73600
 1835 0.66600  1.73000
 1836 0.65300  1.73500
 1837 0.66100  1.75400
 1838 0.66100  1.73000
 1839 0.66000  1.75600
 1840 0.64900  1.74400
 1841 0.64900  1.70800
 1842 0.68800  1.74400
 1843 0.64600  1.72700
 1844 0.64300  1.66800
 1845 0.63700  1.73800
 1846 0.63300  1.69200
 1847 0.63500  1.71400
 1848 0.62700  1.69100
 1849 0.63300  1.75600
 1850 0.62700  1.79800
 1851 0.62000  1.73300
 1852 0.61500  1.77300
 1853 0.61200  1.71600
 1854 0.64300  1.73100
 1855 0.60000  1.70700
 1856 0.60200  1.69300
 1857 0.59800  1.75700
 1858 0.58100  1.68200
 1859 0.60100  1.67900
 1860 0.65100  1.69500
 1861 0.58600  1.68100
 1862 0.58400  1.72400
 1863 0.58400  1.74200
 1864 0.57900  1.71600
 1865 0.57400  1.73400
 1866 0.57600  1.73700
 1867 0.56400  1.75400
 1868 0.56600  1.70800
 1869 0.56800  1.69300
 1870 0.56100  1.72000
 1871 0.56000  1.74300
 1872 0.55300  1.70200
 1873 0.54900  1.71000
 1874 0.54900  1.73200
 1875 0.54600  1.75300
 1876 0.54000  1.72300
 1877 0.53900  1.69400
 1878 0.54000  1.69300
 1879 0.53300  1.67100
 1880 0.52800  1.71300
 1881 0.52300  1.74100
 1882 0.52300  1.75000
 1883 0.52300  1.75500
 1884 0.52500  1.72300
 1885 0.52800  1.75300
 1886 0.51100  1.73300
 1887 0.50800  1.71200
 1888 0.50000  1.69100
 1889 0.53900  1.70600
 1890 0.49900  1.71700
 1891 0.49900  1.72500
 1892 0.49400  1.66200
 1893 0.48800  1.71400
 1894 0.47800  1.67500
 1895 0.48500  1.80000
 1896 0.47900  1.79700
 1897 0.47600  1.72200
 1898 0.49100  1.77900
 1899 0.47500  1.71100
 1900 0.46800  1.73000
 1901 0.46100  1.70600
 1902 0.46400  1.67900
 1903 0.45900  1.69400
 1904 0.45400  1.72900
 1905 0.45300  1.68700
 1906 0.44600  1.76200
 1907 0.45000  1.74600
 1908 0.44000  1.68900
 1909 0.43900  1.74300
 1910 0.43400  1.71800
 1911 0.43200  1.81700
 1912 0.42800  1.72300
 1913 0.42400  1.72300
 1914 0.42500  1.79200
 1915 0.42100  1.70900
 1916 0.41600  1.66900
 1917 0.41400  1.68900
 1918 0.41400  1.76600
 1919 0.40400  1.69100
 1920 0.40600  1.76800
 1921 0.41300  1.63200
 1922 0.39800  1.64800
 1923 0.40200  1.71200
 1924 0.39600  1.71800
 1925 0.38900  1.68700
 1926 0.38600  1.72800
 1927 0.38600  1.72800
 1928 0.38400  1.75500
 1929 0.37700  1.66500
 1930 0.37200  1.70200
 1931 0.37600  1.71700
 1932 0.36800  1.74300
 1933 0.36600  1.68500
 1934 0.36000  1.73100
 1935 0.35500  1.70500
 1936 0.34800  1.74400
 1937 0.35300  1.67200
 1938 0.33200  1.75400
 1939 0.31400  1.67600
 1940 0.33800  1.66400
 1941 0.34000  1.70200
 1942 0.33900  1.71100
 1943 0.33900  1.70300
 1944 0.33400  1.73000
 1945 0.32700  1.71000
 1946 0.33000  1.67700
 1947 0.32400  1.76400
 1948 0.32100  1.70800
 1949 0.31400  1.72300
 1950 0.31800  1.74800
 1951 0.31000  1.75400
 1952 0.30000  1.76800
 1953 0.29800  1.74300
 1954 0.30200  1.72000
 1955 0.29400  1.69700
 1956 0.29400  1.62500
 1957 0.29000  1.74400
 1958 0.29000  1.66400
 1959 0.28100  1.69600
 1960 0.28400  1.77400
 1961 0.27800  1.73200
 1962 0.27500  1.74300
 1963 0.27300  1.76200
 1964 0.27400  1.74000
 1965 0.26700  1.72700
 1966 0.26200  1.75400
 1967 0.26100  1.75800
 1968 0.25600  1.76900
 1969 0.25300  1.72100
 1970 0.24800  1.71700
 1971 0.25600  1.73900
 1972 0.24100  1.67300
 1973 0.24300  1.72800
 1974 0.23600  1.67500
 1975 0.23500  1.76800
 1976 0.23200  1.68500
 1977 0.23000  1.73300
 1978 0.22600  1.72100
 1979 0.22300  1.75800
 1980 0.21700  1.75700
 1981 0.21500  1.72400
 1982 0.21800  1.71000
 1983 0.20800  1.72700
 1984 0.20900  1.71000
 1985 0.20500  1.66300
 1986 0.20000  1.72700
 1987 0.19500  1.68600
 1988 0.19200  1.73500
 1989 0.19300  1.68200
 1990 0.17600  1.75100
 1991 0.18300  1.72900
 1992 0.14200  1.63600
 1993 0.18300  1.69500
 1994 0.17400  1.75400
 1995 0.17300  1.71200
 1996 0.17100  1.72600
 1997 0.16600  1.70600
 1998 0.15900  1.74600
 1999 0.15800  1.72400
 