1 101 0
101 589 264
201 698 565
301 744 909
401 795 1142
501 824 1382
601 854 1704
701 875 1982
801 889 2455
901 909 2556
1001 920 2994
1101 950 3310
1201 962 3488
1301 982 3895
1401 978 4055
1501 999
1601 1006
1701 1015
1801 1018
1901 1016
2001 1023
2101 1047
2201 1051
2301 1058
2401 1061
2501 1076
2601 1087
2701 1076
2801 1087
2901 1070
3001 1096
3101 1097
3201 1102
3301 1113
3401 1115
3501 1114
3601 1116
3701 1133
3801 1123
3901 1144
4001 1140
4101 1151
4201 1149
4301 1147
4401 1162
4501 1154
4601 1159
4701 1158
4801 1166
4901 1167
5001 1161
5101 1173
5201 1185
5301 1183
5401 1175
5501 1188
5601 1196
5701 1196
5801 1201
5901 1200
6001 1197
6101 1204
6201 1204
6301 1198
6401 1212
6501 1213
6601 1211
6701 1224
6801 1217
6901 1214
7001 1219
7101 1227
7201 1238
7301 1245
7401 1240
7501 1245
7601 1247
7701 1237
7801 1244
7901 1235
8001 1254
8101 1249
8201 1243
8301 1260
8401 1258
8501 1256
8601 1258
8701 1256
8801 1254
8901 1274
9001 1258
9101 1267
9201 1259
9301 1270
9401 1272
9501 1272
9601 1278
9701 1271
9801 1275
9901 1268
