0
264
565
909
1142
1382
1704
1982
2455
2556
2994
3310
3488
3895
4055
4510
4683
5123
5238
5759
6034
6278
6430
6714
7412
7286
7644
7875
8158
8350
8994
9302
9485
9841
10180
10741
10375
11329
11630
10991
11834
12249
12315
13302
12633
13130
13619
14348
14772
14728
15691
15562
15816
15604
16192
16429
17408
17346
17049
16720
18602
18140
17481
19543
19388
20634
20609
19724
20696
21071
20341
21696
21304
22327
21219
21616
22214
23335
23815
22612
23514
23698
23628
25051
26524
25507
24676
26595
26652
26997
28053
27367
27484
28214
28371
27158
30071
26639
29077
30893
