Wybierz odpowiednia liczbe: 
1. Losowy ciag
2. Ciag malejacy
Podaj wielkosc danych: 
0 0 0 0 0 0 0
100 2568 2572 544 674 514 301
200 10124 10129 1292 1554 1285 731
300 22706 22711 2119 2510 2150 1212
400 40278 40282 3001 3528 3093 1716
500 62900 62905 3918 4550 4066 2245
600 90587 90591 4883 5666 5100 2804
700 123044 123048 5872 6799 6179 3384
800 160662 160665 6881 7936 7249 3969
900 203083 203086 7912 9079 8393 4580
1000 250686 250689 8957 10226 9527 5206
1100 303257 303259 10041 11455 10664 5814
1200 360890 360892 11144 12712 11868 6470
1300 423231 423232 12259 13975 13005 7085
1400 491174 491175 13386 15243 14228 7728
1500 563201 563201 14523 16515 15417 8378
1600 640289 640289 15681 17792 16708 9027
1700 723866 723865 16850 19075 17984 9753
1800 811375 811374 18028 20363 19105 10349
1900 904460 904458 19217 21656 20518 11037
2000 1000997 1000994 20413 22952 21756 11722
2100 1104283 1104280 21636 24308 23100 12465
2200 1211450 1211447 22886 25715 24438 13159
2300 1323878 1323874 24141 27127 25723 13858
2400 1440780 1440776 25405 28544 26865 14544
2500 1563823 1563818 26676 29967 28354 15271
2600 1690805 1690799 27958 31394 29671 15923
2700 1824472 1824466 29252 32828 30931 16683
2800 1963147 1963141 30554 34267 32254 17211
2900 2105185 2105178 31859 35709 33761 18109
3000 -2041121 -2041129 28879 32862 35049 18861
3100 -1889800 -1889808 30204 34314 36498 19697
3200 -1731426 -1731436 31545 35772 37932 20459
3300 -1571096 -1571105 32891 37232 39035 20921
3400 -1402282 -1402293 34249 38701 40693 21830
3500 -1231085 -1231096 35609 40172 41869 22427
3600 -1050588 -1050600 36982 41653 43322 23269
3700 -870619 -870631 38357 43133 44764 23901
3800 -683520 -683533 39742 44620 46304 24943
3900 -489660 -489674 41133 46114 47731 25623
4000 -291397 -291412 42531 47612 49105 26221
4100 -88459 -88474 43935 49119 50511 27088
4200 119351 119336 45384 50727 51866 27691
4300 329941 329925 46835 52337 53405 28522
4400 549337 549320 48293 53957 54890 29390
4500 772607 772590 49763 55580 56263 30188
4600 998973 998955 51232 57206 57804 30918
4700 1232785 1232766 52713 58840 59228 31721
4800 1466459 1466439 54196 60474 60677 32537
4900 1714087 1714067 55689 62122 61948 33152
