Wybierz odpowiednia liczbe: 
1. Losowy ciag
2. Ciag malejacy
Podaj wielkosc danych: 
0 0 0 0 0 0 0
100 4950 5049 360 677 196 101
200 19900 20099 831 1564 396 202
300 44850 45149 1352 2533 597 303
400 79800 80199 1903 3568 797 404
500 124750 125249 2396 4613 998 505
600 179700 180299 3095 5756 1199 606
700 244651 245349 3748 6921 1399 707
800 319601 320399 4367 8096 1600 809
900 404551 405449 4976 9281 1800 910
1000 499501 500499 5543 10476 2001 1011
1100 604452 605550 6336 11757 2202 1112
1200 719402 720600 7151 13072 2403 1214
1300 844352 845650 7916 14397 2603 1315
1400 979302 980700 8687 15732 2804 1416
1500 1124252 1125750 9412 17077 3005 1518
1600 1279203 1280800 10175 18432 3206 1619
1700 1444153 1445850 10960 19797 3406 1720
1800 1619103 1620900 11663 21172 3607 1822
1900 1804053 1805950 12412 22557 3808 1923
2000 1999003 2001000 13087 23953 4009 2024
2100 -2091013 -2088916 9656 21115 4205 2122
2200 -1876063 -1873866 10687 22630 4406 2223
2300 -1651112 -1648816 11640 24155 4607 2325
2400 -1416162 -1413765 12647 25690 4808 2426
2500 -1171212 -1168715 13580 27235 5009 2528
2600 -916262 -913665 14527 28790 5210 2629
2700 -651312 -648615 15512 30355 5411 2731
2800 -376361 -373565 16439 31930 5612 2832
2900 -91411 -88515 17392 33515 5813 2934
3000 203538 206534 18279 35110 6014 3036
3100 508488 511584 19184 36715 6215 3137
3200 823438 826634 20215 38330 6416 3239
3300 1148389 1151684 21224 39955 6617 3340
3400 1483339 1486735 22215 41590 6818 3442
3500 1828289 1831785 23168 43235 7019 3544
3600 -2111727 -2108132 19776 40595 7215 3641
3700 -1746777 -1743081 20789 42260 7416 3743
3800 -1371827 -1368031 21744 43935 7617 3844
3900 -986876 -982981 22677 45621 7818 3946
4000 -591926 -587931 23584 47316 8019 4048
4100 -186976 -182881 24437 49025 8220 4150
4200 227973 232168 25823 50840 8421 4251
4300 652923 657218 27132 52665 8623 4353
4400 1087874 1092268 28415 54500 8824 4455
4500 1532824 1537318 29680 56345 9025 4557
4600 1987774 1992368 30871 58200 9226 4659
4700 -1842242 -1837548 27905 55770 9423 4756
4800 -1367292 -1362498 29160 57645 9625 4858
4900 -882342 -877448 30401 59530 9826 4960
