1 0 0
2 0 1
3 1 2
4 2 5
5 3 7
6 5 10
7 8 16
8 9 19
9 13 27
10 16 32
11 20 41
12 23 47
13 28 57
14 34 68
15 35 71
16 41 82
17 49 99
18 51 102
19 52 104
20 66 132
21 73 146
22 88 176
23 84 169
24 101 202
25 112 224
26 115 231
27 125 250
28 138 277
29 137 274
30 140 281
31 163 327
32 190 380
33 172 344
34 198 396
35 201 402
36 219 439
37 239 478
38 236 472
39 257 515
40 277 555
41 275 551
42 321 642
43 318 637
44 324 648
45 336 673
46 333 667
47 354 709
48 356 712
49 420 840
50 420 840
51 423 846
52 490 980
53 483 966
54 467 935
55 493 987
56 541 1082
57 533 1067
58 557 1114
59 567 1134
60 586 1172
61 604 1208
62 679 1358
63 647 1295
64 683 1367
65 705 1410
66 804 1608
67 737 1474
68 744 1488
69 778 1556
70 813 1627
71 817 1634
72 899 1799
73 884 1769
74 866 1732
75 907 1814
76 1013 2026
77 1046 2093
78 1040 2081
79 983 1967
80 1100 2201
81 939 1879
82 1099 2198
83 1079 2159
84 1198 2397
85 1135 2270
86 1283 2567
87 1247 2494
88 1322 2645
89 1315 2631
90 1263 2527
91 1314 2628
92 1371 2743
93 1467 2934
94 1406 2813
95 1593 3187
96 1511 3023
97 1628 3256
98 1443 2886
99 1575 3150
100 1744 3488
101 1645 3290
102 1810 3621
103 1844 3688
104 1764 3529
105 1683 3366
106 1879 3758
107 1874 3749
108 1963 3927
109 1952 3905
110 2142 4284
111 2058 4117
112 2144 4288
113 2120 4240
114 2113 4227
115 2029 4059
116 2066 4133
117 2379 4758
118 2381 4762
119 2322 4645
120 2397 4795
121 2547 5094
122 2557 5115
123 2353 4707
124 2457 4915
125 2541 5082
126 2727 5454
127 2771 5543
128 2802 5604
129 2766 5533
130 2666 5332
131 2764 5528
132 2809 5619
133 2864 5728
134 3068 6136
135 3144 6288
136 3089 6178
137 3251 6503
138 3006 6012
139 3145 6290
140 3128 6256
141 3499 6998
142 3568 7137
143 3215 6430
144 3570 7141
145 3415 6831
146 3464 6928
147 3571 7143
148 3774 7549
149 3562 7125
150 3676 7353
151 3693 7387
152 3858 7717
153 3890 7781
154 3854 7709
155 4148 8297
156 4009 8019
157 4026 8053
158 4399 8799
159 4193 8386
160 4365 8731
161 4214 8429
162 4261 8522
163 4350 8701
