2 1 2
4 4 8
6 9 18
8 16 32
10 25 50
12 36 72
14 49 98
16 64 128
18 81 162
20 100 200
22 121 242
24 144 288
26 169 338
28 196 392
30 225 450
32 256 512
34 289 578
36 324 648
38 361 722
40 400 800
42 441 882
44 484 968
46 529 1058
48 576 1152
50 625 1250
52 676 1352
54 729 1458
56 784 1568
58 841 1682
60 900 1800
62 961 1922
64 1024 2048
66 1089 2178
68 1156 2312
70 1225 2450
72 1296 2592
74 1369 2738
76 1444 2888
78 1521 3042
80 1600 3200
82 1681 3362
84 1764 3528
86 1849 3698
88 1936 3872
90 2025 4050
92 2116 4232
94 2209 4418
96 2304 4608
98 2401 4802
100 2500 5000
102 2601 5202
104 2704 5408
106 2809 5618
108 2916 5832
110 3025 6050
112 3136 6272
114 3249 6498
116 3364 6728
118 3481 6962
120 3600 7200
122 3721 7442
124 3844 7688
126 3969 7938
128 4096 8192
130 4225 8450
132 4356 8712
134 4489 8978
136 4624 9248
138 4761 9522
140 4900 9800
142 5041 10082
144 5184 10368
146 5329 10658
148 5476 10952
150 5625 11250
152 5776 11552
154 5929 11858
156 6084 12168
158 6241 12482
160 6400 12800
162 6561 13122
164 6724 13448
166 6889 13778
168 7056 14112
170 7225 14450
172 7396 14792
174 7569 15138
176 7744 15488
178 7921 15842
180 8100 16200
182 8281 16562
184 8464 16928
186 8649 17298
188 8836 17672
190 9025 18050
192 9216 18432
194 9409 18818
196 9604 19208
198 9801 19602
200 10000 20000
202 10201 20402
204 10404 20808
206 10609 21218
208 10816 21632
210 11025 22050
212 11236 22472
214 11449 22898
216 11664 23328
218 11881 23762
220 12100 24200
222 12321 24642
224 12544 25088
226 12769 25538
228 12996 25992
230 13225 26450
232 13456 26912
234 13689 27378
236 13924 27848
238 14161 28322
240 14400 28800
242 14641 29282
244 14884 29768
246 15129 30258
248 15376 30752
250 15625 31250
252 15876 31752
254 16129 32258
256 16384 32768
258 16641 33282
260 16900 33800
262 17161 34322
264 17424 34848
266 17689 35378
268 17956 35912
270 18225 36450
272 18496 36992
274 18769 37538
276 19044 38088
278 19321 38642
280 19600 39200
282 19881 39762
284 20164 40328
286 20449 40898
288 20736 41472
290 21025 42050
292 21316 42632
294 21609 43218
296 21904 43808
298 22201 44402
300 22500 45000
302 22801 45602
304 23104 46208
306 23409 46818
308 23716 47432
310 24025 48050
312 24336 48672
314 24649 49298
316 24964 49928
318 25281 50562
320 25600 51200
322 25921 51842
324 26244 52488
326 26569 53138
328 26896 53792
330 27225 54450
332 27556 55112
334 27889 55778
336 28224 56448
338 28561 57122
340 28900 57800
342 29241 58482
344 29584 59168
346 29929 59858
348 30276 60552
350 30625 61250
352 30976 61952
354 31329 62658
356 31684 63368
358 32041 64082
360 32400 64800
362 32761 65522
364 33124 66248
366 33489 66978
368 33856 67712
370 34225 68450
372 34596 69192
374 34969 69938
376 35344 70688
378 35721 71442
380 36100 72200
382 36481 72962
384 36864 73728
386 37249 74498
388 37636 75272
390 38025 76050
392 38416 76832
394 38809 77618
396 39204 78408
398 39601 79202
400 40000 80000
402 40401 80802
404 40804 81608
406 41209 82418
408 41616 83232
410 42025 84050
412 42436 84872
414 42849 85698
416 43264 86528
418 43681 87362
420 44100 88200
422 44521 89042
424 44944 89888
426 45369 90738
428 45796 91592
430 46225 92450
432 46656 93312
434 47089 94178
436 47524 95048
438 47961 95922
440 48400 96800
442 48841 97682
444 49284 98568
446 49729 99458
448 50176 100352
450 50625 101250
452 51076 102152
454 51529 103058
456 51984 103968
458 52441 104882
460 52900 105800
462 53361 106722
464 53824 107648
466 54289 108578
468 54756 109512
470 55225 110450
472 55696 111392
474 56169 112338
476 56644 113288
478 57121 114242
480 57600 115200
482 58081 116162
484 58564 117128
486 59049 118098
488 59536 119072
490 60025 120050
492 60516 121032
494 61009 122018
496 61504 123008
498 62001 124002
500 62500 125000
502 63001 126002
504 63504 127008
506 64009 128018
508 64516 129032
510 65025 130050
512 65536 131072
514 66049 132098
516 66564 133128
518 67081 134162
520 67600 135200
522 68121 136242
524 68644 137288
526 69169 138338
528 69696 139392
530 70225 140450
532 70756 141512
534 71289 142578
536 71824 143648
538 72361 144722
540 72900 145800
542 73441 146882
544 73984 147968
546 74529 149058
548 75076 150152
550 75625 151250
552 76176 152352
554 76729 153458
556 77284 154568
558 77841 155682
560 78400 156800
562 78961 157922
564 79524 159048
566 80089 160178
568 80656 161312
570 81225 162450
572 81796 163592
574 82369 164738
576 82944 165888
578 83521 167042
580 84100 168200
582 84681 169362
584 85264 170528
586 85849 171698
588 86436 172872
590 87025 174050
592 87616 175232
594 88209 176418
596 88804 177608
598 89401 178802
600 90000 180000
602 90601 181202
604 91204 182408
606 91809 183618
608 92416 184832
610 93025 186050
612 93636 187272
614 94249 188498
616 94864 189728
618 95481 190962
620 96100 192200
622 96721 193442
624 97344 194688
626 97969 195938
628 98596 197192
630 99225 198450
632 99856 199712
634 100489 200978
636 101124 202248
638 101761 203522
640 102400 204800
642 103041 206082
644 103684 207368
646 104329 208658
648 104976 209952
650 105625 211250
652 106276 212552
654 106929 213858
656 107584 215168
658 108241 216482
660 108900 217800
662 109561 219122
664 110224 220448
666 110889 221778
668 111556 223112
670 112225 224450
672 112896 225792
674 113569 227138
676 114244 228488
678 114921 229842
680 115600 231200
682 116281 232562
684 116964 233928
686 117649 235298
688 118336 236672
690 119025 238050
692 119716 239432
694 120409 240818
696 121104 242208
698 121801 243602
700 122500 245000
702 123201 246402
704 123904 247808
706 124609 249218
708 125316 250632
710 126025 252050
712 126736 253472
714 127449 254898
716 128164 256328
718 128881 257762
720 129600 259200
722 130321 260642
724 131044 262088
726 131769 263538
728 132496 264992
730 133225 266450
732 133956 267912
734 134689 269378
736 135424 270848
738 136161 272322
740 136900 273800
742 137641 275282
744 138384 276768
746 139129 278258
748 139876 279752
750 140625 281250
752 141376 282752
754 142129 284258
756 142884 285768
758 143641 287282
760 144400 288800
762 145161 290322
764 145924 291848
766 146689 293378
768 147456 294912
770 148225 296450
772 148996 297992
774 149769 299538
776 150544 301088
778 151321 302642
780 152100 304200
782 152881 305762
784 153664 307328
786 154449 308898
788 155236 310472
790 156025 312050
792 156816 313632
794 157609 315218
796 158404 316808
798 159201 318402
800 160000 320000
802 160801 321602
804 161604 323208
806 162409 324818
808 163216 326432
810 164025 328050
812 164836 329672
814 165649 331298
816 166464 332928
818 167281 334562
820 168100 336200
822 168921 337842
824 169744 339488
826 170569 341138
828 171396 342792
830 172225 344450
832 173056 346112
834 173889 347778
836 174724 349448
838 175561 351122
840 176400 352800
842 177241 354482
844 178084 356168
846 178929 357858
848 179776 359552
850 180625 361250
852 181476 362952
854 182329 364658
856 183184 366368
858 184041 368082
860 184900 369800
862 185761 371522
864 186624 373248
866 187489 374978
868 188356 376712
870 189225 378450
872 190096 380192
874 190969 381938
876 191844 383688
878 192721 385442
880 193600 387200
882 194481 388962
884 195364 390728
886 196249 392498
888 197136 394272
890 198025 396050
892 198916 397832
894 199809 399618
896 200704 401408
898 201601 403202
900 202500 405000
902 203401 406802
904 204304 408608
906 205209 410418
908 206116 412232
910 207025 414050
912 207936 415872
914 208849 417698
916 209764 419528
918 210681 421362
920 211600 423200
922 212521 425042
924 213444 426888
926 214369 428738
928 215296 430592
930 216225 432450
932 217156 434312
934 218089 436178
936 219024 438048
938 219961 439922
940 220900 441800
942 221841 443682
944 222784 445568
946 223729 447458
948 224676 449352
950 225625 451250
952 226576 453152
954 227529 455058
956 228484 456968
958 229441 458882
960 230400 460800
962 231361 462722
964 232324 464648
966 233289 466578
968 234256 468512
970 235225 470450
972 236196 472392
974 237169 474338
976 238144 476288
978 239121 478242
980 240100 480200
982 241081 482162
984 242064 484128
986 243049 486098
988 244036 488072
990 245025 490050
992 246016 492032
994 247009 494018
996 248004 496008
998 249001 498002
1000 250000 500000
